3.5102806091077614 -10.0 116.0
3.1337377610812225 -9.998999314281551 109.0
2.783930282329741 -9.96622608359662 109.0
2.3840539939017873 -9.70323521227953 104.0
2.306375921063362 -9.509215113144847 104.0
1.91918754256589 -9.383800205754426 85.0
1.700177067497632 -9.380987637589138 85.0
1.5182230190797 -9.162927493451894 85.0
1.2664238614536003 -9.067292255572262 82.0
1.084555872295626 -8.982924348549826 82.0
0.7559641498339846 -8.584373015021232 82.0
0.6701816712883238 -8.238672209063923 65.0
0.6463023263810689 -7.940986392280059 65.0
0.43994174519176343 -7.8438131644206806 64.0
0.04256216712808708 -7.780831191582568 64.0
-0.31375617151429513 -7.462814959457172 49.0
-0.7051929194503708 -7.16769832220293 50.0
-0.7576504386968504 -6.773797199053632 50.0
-0.9559933890220152 -6.562634806118458 50.0
-1.3365121760979055 -6.237035683440308 37.0
-1.6499734701304036 -6.044247310637987 40.0
-1.9751865848683887 -5.8064394733114995 40.0
-2.3077971150995746 -5.414945333524149 29.0
-2.6014147596522124 -5.211017322568418 34.0
-2.7586637027603937 -5.092442773087333 34.0
-2.9051136028765465 -4.725415201202801 34.0
-3.0436866542393672 -4.4821988372083785 25.0
-3.3442495588175283 -4.218016048613004 25.0
-3.5659746367657528 -4.137685410709203 32.0
-3.943306013133912 -3.786845760031703 32.0
-4.087187059924776 -3.7164176625281797 32.0
-4.132614840044979 -3.3426259895483286 25.0
-4.527684583640712 -3.0055783390371436 34.0
-4.870499179163377 -2.9497549381595625 34.0
-5.038649799124522 -2.7968035174403902 34.0
-5.100257740221885 -2.464781425049528 29.0
-5.404714833033255 -2.4102785116248646 29.0
-5.7455099473639635 -2.293065351605654 40.0
-6.029699635980501 -2.278717531063469 40.0
-6.265317002328616 -1.9927895177721036 40.0
-6.481038583173157 -1.8770692393701645 40.0
-6.79979546378455 -1.8663031381784758 53.0
-7.145352763166122 -1.6989026497820796 53.0
-7.462648093758677 -1.666936396249843 53.0
-7.7034115539621215 -1.6103838477090897 68.0
-7.704150996351758 -1.5899287307719878 68.0
-7.992419399861119 -1.4325538272913163 65.0
-8.001656406527264 -1.2839596376131548 65.0
-8.312162408958853 -0.8872612990695576 65.0
-8.559597506899765 -0.5899618123714547 82.0
-8.874054153613047 -0.5665916153860555 82.0
-9.142314383972952 -0.5614301445925169 82.0
-9.413531366649776 -0.42496405206722576 81.0
-9.745759752460724 -0.12031832574255674 100.0
-9.911567432272914 0.2777555641276623 100.0
-9.736711668521478 0.4701636663074493 100.0
-9.374704728034231 0.5597613223173538 82.0
-9.058714257693774 0.6049724194424705 82.0
-8.664138789087989 0.7712048448788433 82.0
-8.6226493348952 0.9910863592639209 82.0
-8.59133267466238 1.0135502489244983 82.0
-8.387891748591422 1.1787525977286957 65.0
-8.147897641862725 1.4809026065528546 65.0
-7.9694965919961716 1.5064877335621145 68.0
-7.619290162705631 1.5764326188636109 68.0
-7.55540078449149 1.7072547538941416 68.0
-7.537503123927664 1.913783044792079 68.0
-7.197511277035815 2.2569537962159494 53.0
-7.017251685137993 2.455261035208977 53.0
-6.818082161715584 2.6277366903235535 58.0
-6.7867216743369285 2.7906960721506295 58.0
-6.592387763993278 3.062683589914326 58.0
-6.238474965133687 3.44807446904871 45.0
-6.0968968489405935 3.840064420647413 52.0
-5.9867262663534415 3.874449066045961 52.0
-5.623945026157507 3.9697488049010805 52.0
-5.39891949851931 4.258166813564035 41.0
-5.234288324576512 4.386325209942961 41.0
-4.847339888532518 4.4061570557392695 41.0
-4.522900372915965 4.6981432346200345 50.0
-4.275398959833414 4.767879789636583 41.0
-3.9859487204292967 5.143802736788315 41.0
-3.968224841661363 5.335545837651706 41.0
-3.7730530094797614 5.522579129089231 52.0
-3.4332792398692895 5.673389890522725 45.0
-3.1636883490729515 5.827896385731768 45.0
-2.908904886487047 5.8621025486496725 45.0
-2.7949516970369457 6.048237511982485 45.0
-2.5019837893513808 6.213008804377683 45.0
-2.3648575194744046 6.43281682486291 40.0
-1.9852566922018018 6.535218332823871 53.0
-1.7158706096834142 6.574929378477937 53.0
-1.5353179097750127 6.852766790758261 53.0
-1.3425200884689765 6.869139609013028 50.0
-1.038857499732524 6.8927173842223715 50.0
-0.7396678218990868 6.974374911563579 50.0
-0.7123739266438992 7.1242987033929275 50.0
-0.48932785658966527 7.388549237639045 49.0
-0.34432563886182543 7.748417218805567 64.0
-0.24885046461803245 7.836557723452647 64.0
-0.15352874736805117 7.941302031226205 64.0
0.0732049455039025 8.017355348500086 64.0
0.4614593851441983 8.370614437407951 64.0
0.6100791819289674 8.472361075210745 65.0
0.6552043639477203 8.852086545904275 82.0
0.8895778986641965 9.25161326775094 82.0
1.2256205503668063 9.324640651366662 82.0
1.2881724344724819 9.390943278129186 82.0
1.4174581631082503 9.416985169293794 82.0
1.5201320876101636 9.4979309255733 85.0
1.7796439191182931 9.883883109949583 104.0
2.1539035523831025 9.90155909900242 104.0
2.230666069627419 9.769354556248908 104.0
2.497880031558433 9.62470589814465 104.0
2.8536994736783687 9.35508554593004 90.0
2.964035463300403 9.079215644851041 90.0
3.189577572852188 8.959528807902098 90.0
3.3256386877242994 8.575507947049896 90.0
3.4460355699282488 8.286373831610874 73.0
3.6594077230957494 7.902649353310336 80.0
4.020872505968721 7.856265978591781 80.0
4.128016272226547 7.797024313134861 80.0
4.369810184149399 7.439489536555502 65.0
4.640822399987817 7.401952641535113 74.0
4.86186258932923 7.222875995571053 74.0
4.954053678041039 7.025769930120554 74.0
4.980972278103691 7.025515295884878 74.0
5.061453694167281 6.87060221011638 74.0
5.177518433779875 6.656240821975993 74.0
5.507571263035606 6.368006514229511 72.0
5.772056536824314 6.124096684076198 72.0
5.8534571364177514 5.7989333712810796 72.0
6.091310371341944 5.746076577871235 72.0
6.463521828150555 5.4690949307478895 61.0
6.798004811871073 5.119348478887298 74.0
7.18770400293211 4.93179431306629 74.0
7.286601251958859 4.712947870687194 74.0
7.509900479967447 4.673587092832988 89.0
7.581377448669737 4.361534631718784 80.0
7.846816877914427 3.9788050461951294 80.0
7.916579736270142 3.886264673028174 80.0
8.036012339477756 3.6419752038862625 80.0
8.225567975416586 3.5001272197616644 80.0
8.57293211311159 3.477513972332802 90.0
8.841972093671048 3.452242292863544 90.0
9.169148640978591 3.2587664199594903 90.0
9.545884166951243 3.0026000441054386 109.0
9.632864822498208 2.8784951136360424 109.0
9.797020912125635 2.5705549080054286 109.0
9.842972169682334 2.2353007969721106 104.0
9.890391007442409 2.0420621638693013 104.0
9.77539755394261 1.8901788109579283 104.0
9.434530911703769 1.8271630636674507 85.0
9.237837228601641 1.7794806407443593 85.0
9.04259536437426 1.6055870512067745 85.0
8.869697575790363 1.489959145011755 82.0
8.470462809771194 1.4595456852879594 65.0
8.290876285323161 1.2733290469519245 65.0
7.9403271664492205 1.1438425408311084 65.0
7.797780103680667 0.7768706909743597 65.0
7.563867395443128 0.6593170439690581 65.0
7.1802003208077885 0.26804580842512576 49.0
6.9572651115898045 0.15137742859873454 49.0
6.750758809975121 0.009877950053288648 49.0
6.694221265006754 -0.27404085989814797 49.0
6.363092850547546 -0.3250215769321049 36.0
5.9990554015279045 -0.46433026534045924 36.0
5.727051159335396 -0.855429985332246 37.0
5.508997519025701 -1.0858501083209748 37.0
5.469871971968854 -1.4003236501690213 26.0
5.307902584931247 -1.698207487652924 29.0
5.216606010312811 -1.850196111932456 29.0
4.827831639730165 -2.1140821599618276 29.0
4.545932771776797 -2.3650535217135134 29.0
4.305251006882491 -2.6516975285490685 25.0
4.2939982072735186 -2.84541093150225 25.0
4.140002607149253 -3.052396464166682 25.0
3.8039750542313935 -3.4024223806945333 25.0
3.6126933677652193 -3.561293200840646 32.0
3.2277141064581287 -3.755743533120199 25.0
2.844740667958782 -3.879641738832633 25.0
2.5531153635379438 -4.137847833026231 25.0
2.509993305044899 -4.518386096896387 34.0
2.331702573692754 -4.706295219469639 29.0
2.302623882455097 -5.038339460420818 29.0
1.9903328881132847 -5.185887213254673 29.0
1.6078586662156902 -5.278576716227798 29.0
1.4040154346169558 -5.605732954004635 37.0
1.0850747665843121 -5.875919145806573 37.0
0.9584481079650404 -5.886997797704185 37.0
0.8318521045829803 -6.089839790123808 37.0
0.7161117195540878 -6.4005094530213364 37.0
0.3277190633541809 -6.6937249476373095 49.0
0.19358359543562348 -6.774456129675561 49.0
-0.06742417459133976 -6.800189497904786 49.0
-0.46485015387408796 -7.1161271222576605 49.0
-0.587881850383502 -7.280063056649508 50.0
-0.5961937747574214 -7.343018223486905 50.0
-0.943982827982701 -7.636738940143915 65.0
-1.2196579348405576 -7.822652668188583 65.0
-1.2808630560221559 -7.934809453663185 65.0
