6.907500617287766 10.0 1.0
6.539446460868348 9.872580427061848 1.0
6.330929267284534 9.72955951208988 1.0
6.048741885797852 9.475996366267376 1.0
5.720194899485529 9.393071275750891 1.0
5.684129042598844 9.039309630987344 1.0
5.360938726727945 8.754738110533552 1.0
5.256625003021263 8.704343848234748 1.0000000000000002
4.9412316193276915 8.315559208621458 1.0000000000000093
4.750182064706424 7.922890646449165 1.000000000000023
4.4815012710026 7.733275620624189 1.0000000000031917
4.3029403804682795 7.483985601305204 1.000000000241698
4.276443083754312 7.22901546165885 1.0000000037818602
4.193309100035977 6.859202152617719 1.0000001369406586
3.804984061826105 6.505012513243419 1.0000060475161612
3.486591200463338 6.346916860132722 1.0000287782422126
3.1486216528509052 6.131829463417903 1.0001293370736195
2.7614170254289596 5.956728537470448 1.0002752412331746
2.5700565380916176 5.768668312352971 1.0005314445693032
2.263645048843709 5.744037339439462 1.0002902518057808
2.017978410449628 5.631595803933506 1.000197409777043
1.803625667229126 5.457206648487644 1.0001224788782035
1.515148224776517 5.1968503710451355 0.9999730835947483
1.3958050449487946 4.970741585360637 0.9999256158244292
1.1305483238030116 4.694829864459799 1.000011745856978
1.112570554383323 4.322522128548329 1.000679214170636
1.0073432343255941 4.189885625228955 1.0009338996244315
0.7620081586027769 4.126327456883185 1.0005271145892156
0.3917098467946218 4.026668588783234 1.0001390190352544
0.2768543242892815 3.7676797660440986 1.0001436899525336
0.05825439630013049 3.630487012547958 1.0000515846090894
-0.005618986673193396 3.3864218441119713 1.0000456195966643
-0.36926312364559044 3.1519429752528003 1.0000041348695197
-0.6107477972304604 3.0784219401936057 1.0000006250405313
-0.8728298821158997 2.720016228385876 1.0000000492143621
-1.2314660795314831 2.686372897642156 1.0000000012031578
-1.5089488405919684 2.38775904664644 1.0000000000103348
-1.574972941566317 2.0708193892236104 0.9999999999998612
-1.819483208356688 1.895854600247214 0.9999999999996592
-1.9530766669698028 1.7323079128381065 0.999999999999956
-2.0504069878420808 1.6164740422335635 0.999999999999996
-2.32654053247706 1.5689085863589147 1.0
-2.354570182820322 1.3481437626136579 1.0000000000000004
-2.3572366346505156 1.0753062220873844 1.0000000000000004
-2.5625216763306478 0.8867045219112246 1.0
-2.925551755390437 0.6951998929863406 1.0
-3.13602388154473 0.3729078761240259 1.0
-3.259283227136338 0.2028861864898472 1.0
-3.2971400621688325 0.18875310721608715 1.0
-3.419212949107527 -0.012369302247138197 1.0
-3.5766786992718793 -0.28268092849762694 1.0
-3.9206540663829634 -0.5792444420922485 1.0
-4.074338805256764 -0.730409404902936 1.0
-4.4645277120839415 -0.82471216256334 1.0
-4.694115868007159 -1.208382103831655 1.0
-5.0309458727914445 -1.2834755706895016 1.0
-5.237400286506857 -1.328719880109323 1.0
-5.477852013384987 -1.3360266214751504 1.0
-5.627728358306637 -1.459049587524297 1.0
-6.0120021297901864 -1.584169984158559 1.0
-6.230330546512097 -1.7045198426877202 1.0
-6.584456930800943 -1.998561836071147 1.0
-6.941462478585397 -2.31086624636095 1.0
-7.33279957226934 -2.3399275677999376 1.0
-7.582001251313291 -2.684586979613051 1.0
-7.9724936491325264 -2.7891428545296217 1.0
-8.061943028877511 -3.0148882928677367 1.0
-8.455152707241169 -3.246289319731523 1.0
-8.512247290657871 -3.624564461871085 1.0
-8.787004974750403 -3.700129121929489 1.0
-8.83293906822715 -3.798387727006565 1.0
-9.161506148887772 -4.152181819227581 1.0
-9.206502511285827 -4.262901190404001 1.0
-9.430878282747138 -4.328732677251528 1.0
-9.798377432469485 -4.445731330224001 1.0
-9.947334104705991 -4.754653084802094 1.0
-9.96319481513884 -5.050666521927504 1.0
-9.929115993059654 -5.219871855068452 1.0
-9.542639200493301 -5.471784331660628 1.0
-9.308083339013306 -5.767700534626113 1.0
-9.161744405938583 -6.060852470420568 1.0
-8.921805389906696 -6.198986146818066 1.0
-8.634102298715522 -6.382077066841338 1.0
-8.447487542155727 -6.642241767177372 1.0
-8.218742460714267 -6.662026875645651 1.0
-7.935971774735675 -6.712488159023935 1.0
-7.808698910974308 -6.995222917222627 1.0
-7.641802988190615 -7.2955290820242595 1.0
-7.388874142382532 -7.42245073287217 1.0
-7.297688287877651 -7.774778333974884 1.0
-7.143537184649887 -8.084325834712327 1.0
-6.889113416649033 -8.089558373892041 1.0
-6.5421079393281785 -8.192022944379318 1.0
-6.537492421393509 -8.50199829143784 1.0
-6.457539085795475 -8.675365699490952 1.0
-6.2676831554534225 -8.679273342451422 1.0
-5.949609959900405 -8.790665867401353 1.0
-5.893000640038579 -8.79394852117664 1.0
-5.650793267525846 -8.821799822886954 1.0
-5.273004008866386 -9.132615631792122 1.0
-5.000046129922252 -9.21301481347946 1.0
-4.861320168793199 -9.506846194140474 1.0
-4.754911050641851 -9.755868791667282 1.0
-4.437598174452119 -9.90572178111303 1.0
-4.349690231007004 -9.940524869599207 1.0
-4.084363214670183 -9.959151018276742 1.0
-4.032178533959283 -9.601654889776963 1.0
-3.70105771450494 -9.562182209977362 1.0
-3.378505720362331 -9.366641665155203 1.0
-3.1189192137721595 -9.352479523199676 1.0
-3.030047655021961 -9.31028733416546 1.0
-2.866550938923109 -9.088388071662038 1.0
-2.793119376977995 -8.844334081872164 1.0
-2.51209053503623 -8.656336782111335 1.0
-2.4662593257694896 -8.31298439965825 1.0
-2.3487762814205366 -8.293763175070103 1.0
-2.1863546610474733 -8.23087478706461 1.0
-2.071447127144538 -8.100805085206272 1.0
-1.7886415947835534 -7.748135396840218 1.0
-1.6870941122950402 -7.348958631168044 1.0
-1.5317428372935182 -6.989150510956902 1.0
-1.4880055607135447 -6.852006231503166 1.0
-1.4223756743946327 -6.763660932409283 1.0
-1.3663168519025355 -6.630216687194681 1.0
-1.1601797727036027 -6.546969782513432 1.0
-0.9388879609950451 -6.348111422290266 1.0
-0.8862729927029827 -6.045226700098711 1.0
-0.7563880692683632 -6.013976608584869 1.0
-0.7346463637915671 -5.977073420970532 1.0
-0.3652662383119693 -5.670780470492981 1.0
-0.1283560549653318 -5.5893348169292345 1.0
0.14906922815343226 -5.358228300544033 1.0
0.2923393472832273 -5.1569347093485804 1.0
0.41005283806031756 -4.959354646761871 1.0
0.8002137853897731 -4.570804603051963 1.0
1.0466044144267732 -4.537312947929399 1.0
1.0851205200975513 -4.167236129159723 1.0
1.0922962887083412 -3.8938773615416333 1.0
1.2450687188016403 -3.6729043479572154 1.0
1.4717108527325649 -3.415619762010863 1.0
1.47298224385987 -3.2066591532187294 1.0
1.549791854374151 -2.891766856211558 1.0
1.5658841074489274 -2.767145900029232 1.0
1.6962867674939184 -2.5643781855967873 0.9999999999999999
2.04899679836439 -2.419374021779732 0.9999999999999961
2.3038277114707744 -2.08171516942702 0.9999999999997703
2.4456523443368483 -1.7485037397548169 0.9999999999965579
2.8198049190893317 -1.5444946762038287 1.0000000000065348
3.159965317519242 -1.350366062795092 1.00000000037711
3.2339494334417704 -1.33713755305632 1.0000000004441607
3.2979378854329418 -1.2505702407592467 1.0000000012707122
3.6304605552337166 -1.1971333068111243 1.0000000016944655
3.6590380618238236 -0.8624853248706889 1.0000000471167219
3.790588907529688 -0.47024660514631245 1.0000010067672676
3.8093207067215333 -0.08390892631274965 1.0000151877150778
4.1438173352276015 -0.0024895018771173283 1.0000100412423147
4.32384523506232 0.1321436258997443 1.0000108223240787
4.538169569414306 0.29342465670131634 1.0000070769113751
4.8854850089867075 0.44038264176060715 0.9999949538175236
5.2577205612697435 0.6140440233902724 0.9999919080823666
5.274220337197977 0.8549652763465492 0.999980158099322
5.583082543282209 1.221476626054651 0.9999830980107586
5.900660291249978 1.4211385954093525 0.9999964571401799
6.293497362555801 1.530369831330322 0.9999998539238428
6.354848239260916 1.5679531888109874 0.9999999921814825
6.372178255610856 1.6047496237517755 1.0000000934820494
6.581371794672661 1.7121074607795024 1.000000126786346
6.924713336417788 2.0141375717031362 1.0000000586771611
7.079419787625919 2.295799841815678 1.0000000418092485
7.478668006106833 2.3350087637703782 1.0000000008964345
7.686707426114479 2.383189956882272 1.0000000000725804
7.926005205986517 2.511705969154223 0.999999999995523
7.9641252011453005 2.5356995601980685 0.9999999999950316
8.323580007643315 2.735383097849235 0.9999999999992326
8.478558032214458 2.860920300648769 0.9999999999997785
8.705758912391257 3.18541545871584 0.9999999999999731
8.709568104482326 3.208337699636195 0.9999999999999742
8.912164548695905 3.229984636386362 0.999999999999997
9.206538258541642 3.592429239599381 0.9999999999999999
9.517652882959252 3.626222678236612 1.0
9.521432371889585 3.7849496387643944 1.0
9.795892638316309 4.020383346145958 1.0
9.863544858907497 4.358377192146068 1.0
9.822664234534386 4.749997263039543 1.0
9.708516297549888 4.806562620314844 1.0
9.39805722161141 4.917863518339288 1.0
9.300840459437808 5.241595605182841 1.0
8.958241632897755 5.467031828530975 1.0
8.808261970313685 5.692783721977602 1.0
8.796679606733052 6.061637564584506 1.0
8.590646539107608 6.339424994105505 1.0
8.460070819210193 6.695565996028825 1.0
8.134121241733613 7.018747441165779 1.0
7.865995614107655 7.034442889306724 1.0
7.847799794770957 7.388987746790023 1.0
7.724886920264695 7.671375066086976 1.0
7.566745134665629 7.720085937636334 1.0
7.41523463442568 8.06819770404458 1.0
7.029445477498428 8.3558842179516 1.0
6.950257213437003 8.686724384015154 1.0
6.847958075055058 8.96703540790855 1.0
