-10.0 8.488326317473662 1.0
-9.852241979587689 8.134763927826462 1.0
-9.506975104983072 7.760747370521152 1.0
-9.248558372242368 7.3715639686101175 1.0
-8.871745581716944 7.244437545719956 1.0
-8.674126540338916 7.209577181229999 1.0
-8.326755318089923 6.8411550682332045 1.0
-8.15334939932473 6.493591906222974 1.0
-7.964383550509359 6.398624823073626 1.0
-7.8491487288827955 6.068263586572704 1.0
-7.495320604470394 5.70210082684912 1.0
-7.209688848812208 5.4420846189362 1.0
-7.086077722774893 5.408449879988808 1.0
-6.9842640297854315 5.222561644543523 1.0
-6.714228983145064 5.186079810391731 1.0
-6.664708627073176 4.819602614294046 1.0
-6.352810163360901 4.608385854717747 1.0
-6.303000640132809 4.554326065747569 1.0
-6.054845680826617 4.538208584785489 1.0
-5.924259601859339 4.143683688807237 1.0
-5.830238976304368 3.8110843304335984 1.0
-5.672088642736534 3.532434653568568 1.0
-5.465245410736518 3.150826381900543 1.0
-5.165178511537058 2.7881265556800936 1.0
-5.104448777180782 2.6072004203702757 1.0
-5.085277709418762 2.4368225947764266 1.0
-5.071583383800983 2.3671523544681485 1.0
-4.732038224947136 2.1723685458842104 1.0
-4.6236834380553855 1.933209436886979 1.0
-4.3448704809463905 1.8950152178855002 1.0
-4.28789977337196 1.7603076365664359 1.0
-4.1807836129692815 1.7012036938085588 1.0
-4.096901044251726 1.6703988609484164 1.0
-3.8252490811532285 1.530280309350845 1.0
-3.792072652176453 1.2977605940113675 1.0
-3.5754055352907064 1.0508371047429381 1.0
-3.478740945062358 1.031969127625495 1.0
-3.1464221105644685 0.814271125652843 1.0
-2.8693840680644334 0.595003969642089 1.0
-2.787555116097011 0.291021820615962 1.0
-2.714242610187674 0.08892677479306516 1.0
-2.3293693287715693 -0.08921887364882966 1.0
-2.268914234604067 -0.14397746808826614 1.0
-2.092750784431418 -0.17322578706645445 1.0
-1.8604063221079887 -0.4207963350966274 1.0
-1.7487115934579718 -0.6090184452036317 1.0
-1.5617285975306194 -0.7081402673438837 1.0
-1.3005803622777614 -0.963085933746308 1.0
-1.0454353794807238 -1.0618141992514825 0.9999999999999999
-0.9419831839261541 -1.2057369767310029 0.9999999999999999
-0.8335726389176237 -1.5976579305631002 1.0
-0.6000504933878064 -1.819574654060458 1.0
-0.3702497395086386 -1.9174146825006253 1.0
-0.07853401351026129 -2.0974479967042243 1.0
0.21146062415932432 -2.1002303798525492 1.0
0.5550140517032666 -2.1646161799542525 1.0000000000000004
0.6993890298650626 -2.3266606993569448 1.0000000000000002
0.7651610378983819 -2.7102763771494764 1.0
1.0160758358683872 -2.7528684796574363 1.0
1.0518691437827792 -2.971052339230855 1.0
1.0580517814573138 -3.0230310439592545 1.0
1.2332582541867034 -3.3985184891844393 1.0
1.2397681296495262 -3.4228452408481385 1.0
1.6036455033277008 -3.4893430723433205 1.0
1.967274767223934 -3.561417214732971 1.0
2.187089413137713 -3.885173909029822 1.0
2.52594887106996 -4.047754872618271 1.0
2.756886218907636 -4.284961631495495 1.0
3.06406187585183 -4.326542620561945 1.0
3.0924668138091502 -4.580017754745445 1.0
3.3147393844411885 -4.880871314716324 1.0
3.3219250837657204 -5.1467387798371815 1.0
3.4479161950063446 -5.222120738268958 1.0
3.575971885057101 -5.438592572730537 1.0
3.8062179352531795 -5.694247502273941 1.0
3.982453528896159 -5.932659524458535 1.0
4.279311122093394 -5.946318360279471 1.0
4.484699822950378 -6.331748513934623 1.0
4.535154960805138 -6.398246813400006 1.0
4.896873682553427 -6.725866551398722 1.0
5.078761125672202 -6.765340606015445 1.0
5.240183037583021 -7.001610926876111 1.0
5.574521899505826 -7.342448144959889 1.0
5.760285344383886 -7.579874128273115 1.0
6.0719023286654075 -7.903203909840845 1.0
6.133466039756179 -7.986104100895686 1.0
6.141308624075101 -8.169115991644412 1.0
6.452204455710094 -8.438246463361347 1.0
6.682243087959254 -8.472013500594558 1.0
6.864554355252979 -8.800410149092176 1.0
7.134434645276567 -9.096676904643802 1.0
7.2513606554143415 -9.32024431600403 1.0
7.6294946947882485 -9.473311719083974 1.0
7.685710250100802 -9.769991894939404 1.0
7.890789378446617 -9.916893737254876 1.0
8.05517178104461 -9.970193894275358 1.0
8.247642401230634 -9.792686392450104 1.0
8.564317828653799 -9.583941284289907 1.0
8.801686461567162 -9.404320776948769 1.0
8.897742735647558 -9.125418118095663 1.0
9.193166874298528 -8.966903796656007 1.0
9.237290130869084 -8.5993957640511 1.0
9.388267376355376 -8.426259942052473 1.0
9.716486548100509 -8.142869519158523 1.0
9.92992376976376 -7.7709421280770155 1.0
9.91475897302088 -7.655605259884665 1.0
9.809360512781145 -7.530506882344453 1.0
9.426284805590255 -7.231643546063999 1.0
9.14534106974418 -6.8907858384940806 1.0
8.789105573403566 -6.862462785038776 1.0
8.418216279321499 -6.707054991873528 1.0
8.404202125432034 -6.507632065647656 1.0
8.240882517361516 -6.4428534950007315 1.0
8.23754647908174 -6.331493990585996 1.0
8.226483064526262 -6.314523429022479 1.0
8.051265618085155 -6.000096913039882 1.0
7.670506724914505 -5.854329710279596 1.0
7.401097313732855 -5.796243079356213 1.0
7.361955763313968 -5.693276438199762 1.0
7.174758760336719 -5.317135624153439 1.0
6.870457343968049 -4.983461424738085 1.0
6.749535258255648 -4.843692342236084 1.0
6.4751136851710305 -4.50400495767647 1.0
6.125301778395032 -4.488147572740565 1.0
6.081525636759244 -4.299252065234951 1.0
6.016313788974939 -4.112086461032126 1.0
5.990782947748756 -3.858079227684738 1.0
5.836447004825965 -3.5355466332596452 1.0
5.613291455508759 -3.533737196305928 1.0
5.563126792502333 -3.3042825435600327 1.0
5.536103527228347 -3.2997308494225748 1.0
5.189968569692045 -3.2217164284859945 1.0
5.129932554230751 -3.013775156396413 1.0
5.052149379470342 -2.959497119162645 1.0
4.696265793701753 -2.693873012620334 1.0
4.306748654001676 -2.3109543671120814 0.9999999999999916
4.180942040939758 -2.2730365250460647 0.9999999999999795
3.8477327263424064 -2.0200711741267705 0.9999999999994608
3.493231335508693 -1.867117453141212 0.9999999999969165
3.3069127938805263 -1.5799003818189044 0.9999999999981808
3.043843810469907 -1.3386257203769758 1.0000000004348677
2.913080317248941 -1.123624205420571 1.0000000050242182
2.626402941569629 -1.0432966770355918 1.0000000083235818
2.4266163464120947 -0.9036966272668219 1.0000000219046155
2.389745788715431 -0.8805184810018946 1.000000024906147
2.111182881338009 -0.644718533713045 1.000000084494671
1.9579585983678622 -0.5085501173885562 1.0000001328753378
1.7226347685409402 -0.23887416229517694 1.0000002137225872
1.3263208752602107 -0.20574887498965186 0.9999998804876301
0.9630394354024564 -0.003904902339831068 0.9999997496922312
0.569314327965962 0.2652172062782677 0.9999997224862934
0.5396597683903189 0.5822872905552046 0.9999988240818326
0.4165553963926176 0.7269707700450423 0.9999988046267186
0.2599417412419197 0.9442296227619899 0.9999988778878964
0.1589307287388468 1.2159449813419356 0.9999988482244307
0.058953863227337394 1.4374304535461784 0.9999994570207179
-0.2846450812207193 1.5027631966977757 0.9999999645261352
-0.3296505236783424 1.7386401626666457 1.0000001291134764
-0.4045720153272493 1.789788119878221 1.000000111019445
-0.6092344335911888 2.177576233549091 1.0000001433321555
-0.690152753216353 2.293049356126217 1.0000001042934001
-0.9743664217528722 2.555908066129183 1.0000000145850696
-1.1162756529677722 2.932189125532307 1.0000000054997509
-1.1833423617380445 3.1723681988775194 1.0000000028390725
-1.5070275055051108 3.1880277350846127 1.0000000000261788
-1.68728503170227 3.5779592329927508 0.9999999999934992
-1.9543372360938664 3.9678434822814106 0.9999999999993244
-2.2683493031924247 4.047359526060806 0.999999999999966
-2.456299939517825 4.06848624399814 0.9999999999999951
-2.854623865531051 4.096795692272451 1.0
-3.1396593752593747 4.371999584828269 1.0
-3.220165452157242 4.429846414434513 1.0
-3.2690377059193696 4.472513060506581 1.0
-3.3702272306057015 4.67586934101006 1.0
-3.7468926519170163 5.041784695812354 1.0
-3.9791504795812864 5.226001909520145 1.0
-4.197855218379415 5.318922958227986 1.0
-4.516577042433867 5.393976761635442 1.0
-4.634055209366103 5.4824981658968905 1.0
-4.691609711511034 5.658313876211473 1.0
-4.939276971445815 5.955465326858362 1.0
-5.189298854961569 6.103803922042258 1.0
-5.214304777217916 6.330063392419044 1.0
-5.394365634515446 6.39858122907403 1.0
-5.418614552921765 6.40613045750274 1.0
-5.518385719208838 6.743499836487546 1.0
-5.549648295263566 6.837080029264175 1.0
-5.693752269201502 7.037972213860511 1.0
-6.045267587644883 7.098120462707646 1.0
-6.1956125217629205 7.445907990963989 1.0
-6.402624177925071 7.556167705535773 1.0
-6.426630157449792 7.641898662215435 1.0
-6.802608715921614 7.955301145251328 1.0
-7.07386347150519 8.296334366216604 1.0
-7.438242511275557 8.660542660815029 1.0
-7.747269550022718 8.843710084638593 1.0
-7.892862766960391 9.15120131871341 1.0
-8.06034541980479 9.495981141635683 1.0
-8.124718266463862 9.74801887290773 1.0
-8.14019943679782 9.962538321906086 1.0
-8.413640279171997 9.77912396660754 1.0
