-6.297893425254934 -10.0 1.0
-6.023788243901288 -9.681550693401737 1.0
-5.62771641997462 -9.501436446909112 1.0
-5.281978919466409 -9.23420026573823 1.0
-5.061934339291862 -8.872390023661772 1.0
-4.742066431949289 -8.659669344587662 1.0
-4.54059469721368 -8.638774617790219 1.0
-4.332993373955913 -8.450670370327215 1.0
-3.9755301309622872 -8.30869025307206 1.0
-3.894356522825374 -8.003379055119828 1.0
-3.8842229702564555 -7.654327643058253 1.0
-3.6973547898213246 -7.301407434946711 1.0
-3.3483260767403658 -7.252837421014942 1.0
-3.1566771380740426 -6.905063914033096 1.0
-3.0119209824168087 -6.577093552031662 1.0
-2.6602158749393494 -6.3950205290517195 1.0
-2.52519496032618 -6.177841747477902 1.0
-2.3899504279849917 -6.13530380456053 1.0
-2.235287915201344 -6.023504167109316 1.0
-1.9467754092587648 -5.798039954500739 1.0
-1.60259817364093 -5.43791062261804 1.0
-1.4994444907557005 -5.306618776941672 1.0
-1.3528429961674333 -5.07444426193521 1.0
-1.0281675396179124 -4.679892596005454 1.0
-0.7376453516821405 -4.562526296383774 1.0
-0.6017335851249184 -4.4726976977072805 1.0
-0.24436265893265063 -4.234019587932387 1.0
0.11166413760859151 -3.882375078780478 1.0
0.3557136408490501 -3.858004845414248 1.0
0.37045241422454606 -3.7020760087174938 1.0
0.6277768386957555 -3.357476190097212 1.0
0.8208615598344632 -3.1244648503044257 1.0
0.9351809210157314 -3.025813986886421 1.0
1.2013684172786683 -2.7089775658554482 1.0
1.375192964194797 -2.3794235323173027 1.0000000000000004
1.6153202232683308 -1.9970589897135531 0.9999999999999939
2.0013533128477863 -1.6506769404554005 0.9999999999990363
2.3455132532890386 -1.4677853003150312 1.0000000000226206
2.4692179622744894 -1.417263402157867 1.000000000071703
2.6903841088044897 -1.3459803780102848 1.0000000002937592
2.7360320253190102 -0.9552396239046022 1.0000000231259687
2.8893863455170616 -0.7813554926395286 1.0000001336790036
3.133188787106773 -0.76847730220303 1.0000001647743515
3.3000714660683057 -0.6853414191067363 1.000000325119903
3.638165756131886 -0.3618287552490213 1.000003002076191
4.01637105387459 -0.21714072934408965 1.0000036728034871
4.12499740709953 -0.0641744727993134 1.000007236788517
4.501585272536419 0.07289522293876716 1.0000026701169107
4.594243477996888 0.25442211330335 1.0000033157238868
4.975623288409789 0.3311639189920799 0.999996838081733
5.299842719391355 0.6149470724888029 0.999992749851887
5.669112330403894 0.8435686873638657 0.9999953529430371
5.726203424584109 1.1930509712932444 0.9999911785662217
5.86209456851223 1.554986411380794 0.9999992893028657
6.149375735646447 1.7103241074361237 1.0000020928026845
6.287164990413151 1.9738451793056682 1.0000050597788572
6.466174714069454 2.0645730070731494 1.0000023145452384
6.821068285199275 2.170040183335455 1.000000248617909
6.919679165497892 2.5512840796167597 1.0000002981313152
7.239969172695265 2.6125264460639213 1.0000000190727893
7.513617837811873 2.920086124122596 1.0000000015491979
7.79683809045946 3.2943187272877377 1.0000000000213691
8.11677301395642 3.6774308877196633 0.9999999999970182
8.11965290573778 3.982301681663408 0.999999999998507
8.336680716765754 4.314898953326857 0.9999999999999138
8.651407474439829 4.532207405898783 0.9999999999999988
8.81458758977526 4.536508349086312 0.9999999999999998
8.982239029128994 4.850353059919632 1.0
9.28583638869338 5.103154062470838 1.0
9.585339084345344 5.2882476398422 1.0
9.586595060711968 5.632838813086008 1.0
9.6866960541364 5.848974932764735 1.0
9.794118983519295 6.216669045294133 1.0
9.899133143301746 6.390338743232067 1.0
9.911458585944905 6.657684789172082 1.0
9.741448839003533 7.054116948613217 1.0
9.455475673505699 7.337467980693851 1.0
9.160236537113455 7.45841233462783 1.0
8.874030218035957 7.789131043185577 1.0
8.774180888162068 8.18601119998129 1.0
8.50860851081414 8.429726145028061 1.0
8.416749759872264 8.610864758653149 1.0
8.353523132758356 9.005335028700777 1.0
8.018748918601165 9.35229362626845 1.0
7.9711681669601155 9.55310054354362 1.0
7.689601575821128 9.857282494775635 1.0
7.49710631815118 9.911243110890712 1.0
7.268842684969082 9.989720313521024 1.0
7.194478132047864 9.764331227716509 1.0
7.1609194133886716 9.71775432668876 1.0
6.960167884334943 9.364879647709328 1.0
6.902692604944382 9.218695387830238 1.0
6.508573693877399 8.85905088580511 1.0
6.21730688426363 8.518754936438276 1.0
6.037711396130334 8.392508463573874 1.0000000000000002
5.65533784446329 8.293711678101335 1.0000000000000018
5.591732197054442 8.180275609334583 1.0000000000000058
5.489335170728381 7.934002523733597 1.000000000000024
5.448753479842588 7.908659029863471 1.0000000000000242
5.086058830973808 7.712064852541528 0.9999999999990028
4.858190256211721 7.406357798061366 0.999999999958337
4.506853270161679 7.187305161080492 1.0000000015245467
4.302531546663935 7.011331160159611 1.0000000242405849
3.955720483035887 6.778771486293279 1.000000559509966
3.9397315662582013 6.726185775400983 1.0000008765040778
3.6817381042827164 6.417027934120354 1.0000139114940279
3.569080014980045 6.095248267950249 1.00012110030589
3.4225219769698727 5.729869151622468 1.0009305996168294
3.3305787159237203 5.5261126117363135 1.0023375496089182
3.2234555725135645 5.2963710589692115 1.005255339397695
2.9704837702835603 5.092295081522911 1.0078973180338524
2.858399381154583 4.695351320157439 0.998649646444934
2.4587729431173737 4.466690730203681 0.9795490362964734
2.286553748325762 4.15260890587072 0.9396470298733226
2.002867409452206 4.122805795271292 0.9756910439467926
1.7820771044057664 3.9313267223753403 0.9875359794180171
1.4409749915666648 3.8772393079751706 1.0030982986256203
1.1429591256534457 3.7867547402746426 1.004026451365952
0.792928814938267 3.607605142567758 1.0020288048156156
0.6985143644253441 3.594743151793187 1.0014341182770226
0.5713710763598893 3.540022059284683 1.0008944295608322
0.26569724592780186 3.43886602774946 1.0002161108807983
-0.11342427162475555 3.2344547243867776 1.0000245567740378
-0.27175740649133606 3.177765525021731 1.0000083745668422
-0.4108827891952429 3.079562653683646 1.0000030124562092
-0.6955914343096987 2.7879551725139344 1.0000002561997359
-0.9390261153915725 2.7163068007387796 1.0000000263373736
-1.196159874850369 2.5626479398291973 1.0000000014752204
-1.2374942134445377 2.3163750359576785 1.0000000005275917
-1.5732191398644935 1.9192204516184452 0.9999999999999588
-1.754934704252283 1.6225180420809109 0.9999999999999636
-1.8954599445521076 1.3016897560183753 1.0000000000000275
-2.178212295316521 1.0881361535785652 1.000000000000002
-2.4062309470979635 0.835062073234245 1.0
-2.572634762132463 0.7079255034572816 1.0
-2.906282626822782 0.5706153330444449 1.0
-3.233666100460854 0.18507827076478423 1.0
-3.5697762021764126 0.13009816187337414 1.0
-3.776403335378584 -0.0915628165066002 1.0
-3.7822483297894345 -0.31253251003105686 1.0
-3.834430246686339 -0.4098716169656915 1.0
-3.953700296482613 -0.7058543900130027 1.0
-4.029529503353271 -1.0844604239025624 1.0
-4.181488777263926 -1.4671456315703442 1.0
-4.233134081137968 -1.6419280866281594 1.0
-4.34123561597037 -1.6491196107826815 1.0
-4.594329556959351 -1.8141256474557077 1.0
-4.694545196798011 -2.148860457246673 1.0
-4.982680697424852 -2.1882318894243227 1.0
-5.2449205167259585 -2.216357501761908 1.0
-5.61214903174564 -2.614213153895571 1.0
-5.872902902569952 -2.744084627135737 1.0
-6.099892361006442 -2.9228054763098656 1.0
-6.163125393297605 -3.056399890274757 1.0
-6.495793043062768 -3.3855016700692317 1.0
-6.624665990091899 -3.3931507177481364 1.0
-6.720148593470303 -3.477152150032114 1.0
-6.92681459017018 -3.620762038668925 1.0
-7.193076330224801 -3.906695243545952 1.0
-7.450126196214151 -4.131257115806737 1.0
-7.654833468548902 -4.387221503445725 1.0
-7.912423079336319 -4.430115334478923 1.0
-8.086434304594324 -4.44804600722791 1.0
-8.296229700461366 -4.792606255148857 1.0
-8.469658420613825 -4.9737138088503645 1.0
-8.802976969686979 -5.21025607142869 1.0
-8.89978676130771 -5.512895831311883 1.0
-9.115195956380841 -5.879400276607017 1.0
-9.508177013627975 -6.158945926702426 1.0
-9.68583649643248 -6.527355575820371 1.0
-9.990095295679703 -6.788484700897768 1.0
-9.681207844474335 -6.953604376823704 1.0
-9.508941960719314 -7.279751509644679 1.0
-9.218309354874794 -7.3085267902704905 1.0
-9.192693758602484 -7.443623385314296 1.0
-8.973982313624582 -7.665637924666594 1.0
-8.672066498003872 -7.812138068156979 1.0
-8.394317828814934 -8.189992445101831 1.0
-8.287379814114024 -8.367078068515914 1.0
-7.891798036239204 -8.690403516763578 1.0
-7.6151123883781295 -8.779673618078839 1.0
-7.532208057557576 -8.991390091216134 1.0
-7.248720320280407 -8.996764665504818 1.0
-7.058230003503491 -9.197314200766968 1.0
-6.943096501118528 -9.273825521941816 1.0
-6.674138479987111 -9.3709990124384 1.0
-6.417683563696984 -9.44610039075529 1.0
-6.114820746995575 -9.637228907667337 1.0
-6.099166199338722 -9.770724218471724 1.0
-6.089117053816855 -9.927075779436338 1.0
-5.826050478092029 -9.709889740177806 1.0
-5.5972179807809646 -9.614543671341849 1.0
-5.20928823888885 -9.41492556177121 1.0
-4.849565471106365 -9.066477263197243 1.0
-4.720424147409027 -8.769863798689322 1.0
-4.535383090673656 -8.66376267947378 1.0
-4.436530984067838 -8.341813402303117 1.0
-4.377608385219618 -8.229392767340954 1.0
-4.084455553142871 -8.087753559541365 1.0
-4.042616425942167 -7.899633858434426 1.0
-3.9706233453917896 -7.866648919010191 1.0
