-5.117088281629303 10.0 1.0
-5.056268638116214 9.6290399909565 1.0
-4.99509635570659 9.320128342791435 1.0
-4.757631505209011 9.14274022118388 1.0
-4.408950566056751 8.883366659782485 1.0
-4.158592999861093 8.515670143456003 1.0
-3.9762345189521184 8.152357743547759 1.0
-3.7384986233714383 8.040797259284824 1.0
-3.5673463393354683 8.037121387124172 1.0
-3.217894463674442 7.692515697462467 1.0
-2.8775623089110733 7.377536334406713 1.0
-2.7182517252597953 7.0503545584585945 1.0
-2.5800510836050914 6.708964509034148 1.0
-2.545805476016033 6.337038431480401 1.0
-2.2775072840678163 6.198675400365386 1.0
-2.0078869405942794 6.101905256025136 1.0000000000000002
-1.7809865720612121 6.024102595760474 1.0000000000000016
-1.5619012227022635 5.854294907246422 0.9999999999999988
-1.5109060154532472 5.571557179947125 0.9999999999999508
-1.3318434312014045 5.2368492856638715 0.999999999997006
-1.2120240711597134 4.840834239804566 0.9999999999852976
-0.9799562234208148 4.500710343054714 1.0000000007738714
-0.8765341361519976 4.322179026489618 1.0000000058766711
-0.6668105144995086 4.278367323627615 1.00000004559341
-0.5521932955824271 4.142328249828333 1.0000002003498534
-0.3467384455325885 4.120387682622861 1.0000010452992831
-0.15066509559875696 4.030809903828029 1.0000055424984777
-0.1021640682183182 3.944468591279636 1.0000097703745723
-0.039980588262384514 3.611371438527321 1.0000287015122988
0.005037969585288744 3.4141665133091594 1.0000477323085257
0.32078382396169786 3.0513113758421113 1.000328309893405
0.4194716507658835 2.695302221921427 1.0004085547928232
0.7918499560845284 2.578613494511706 1.00173121660977
0.8342302264385048 2.205396880417542 1.0008079101769338
1.0852093985055427 1.9781256050082965 1.0006958905725567
1.3292905836941198 1.8505721050490709 1.0004672615345986
1.3557288765586504 1.6785861610405821 1.00011124995445
1.6501335775463954 1.610142614707133 0.9999677017619446
1.7413259740197795 1.217082604921083 1.0002037961089358
1.7810039721077016 0.9566449925604551 1.0001595074208594
2.0161137453181666 0.8915240885305236 1.0004824633642166
2.2098261733172446 0.6632791891089013 1.0004241907260651
2.5384057770876223 0.4599290613178442 1.000386249100658
2.5814256098317703 0.42669180296176146 1.0003546890026098
2.662997785182343 0.19276480626995407 1.00011593048437
2.8173708043641446 -0.004299100350949658 1.0000429586989328
3.169197495579552 -0.19376880488205803 1.0000144520976182
3.2694473610997683 -0.47904814648001204 1.0000017550671154
3.4576612959761217 -0.8247450024651646 1.000000085902847
3.69450265022691 -1.198397864689219 1.0000000015063406
3.915214637733708 -1.3799461411105842 1.000000000098587
4.016158819480994 -1.6220400504818602 0.9999999999978657
4.1624822040449505 -1.8455594565325086 0.9999999999992104
4.19868174883502 -2.2214522425996104 0.9999999999999686
4.50933486917584 -2.2474316517364907 0.9999999999999952
4.525114859804483 -2.5486738330831216 0.9999999999999998
4.872872131045702 -2.591432364788176 1.0
5.1706392285927185 -2.833202784872661 1.0
5.486901957793219 -2.8945088603593883 1.0
5.618005255205798 -3.24959189236366 1.0
5.775654501519788 -3.4488276974936416 1.0
5.799796171834525 -3.741902565085671 1.0
5.802771552276037 -3.9459939503222916 1.0
5.897229979800959 -4.073034447762449 1.0
5.964450885119965 -4.223714327801792 1.0
6.102183930436309 -4.412090837140136 1.0
6.297992319373749 -4.608428047536206 1.0
6.583134356634382 -4.7063627057537065 1.0
6.948892268271866 -4.739367597704265 1.0
7.011744976348112 -4.931218214982907 1.0
7.206063781350167 -4.997231305026606 1.0
7.529907724490427 -5.09616994983479 1.0
7.7007213045515535 -5.249150535979227 1.0
7.7921429821053225 -5.433658737743151 1.0
8.09496227381786 -5.7859168002580414 1.0
8.130399740933397 -6.133640771514328 1.0
8.486102342309474 -6.492497202986877 1.0
8.582461261209295 -6.53689380251313 1.0
8.847376498987263 -6.683711620479229 1.0
9.12635813765793 -6.888068561107053 1.0
9.139705322966812 -7.07857094607965 1.0
9.196418250954311 -7.4009032097269 1.0
9.287843906197693 -7.704182864954106 1.0
9.646841705209361 -7.727691374627229 1.0
9.842380064833755 -7.738320163595249 1.0
9.799020874690056 -7.978048477149749 1.0
9.52827046784084 -8.043716354504818 1.0
9.496187289972598 -8.423256457451005 1.0
9.129512584272716 -8.641904251862204 1.0
8.793507660913827 -8.776983513391702 1.0
8.742761470766883 -9.044945489080916 1.0
8.519837664460498 -9.285973392959312 1.0
8.208796422917244 -9.434712349018577 1.0
8.193269946659122 -9.820377861533435 1.0
8.012096150290459 -9.823521940386792 1.0
7.748326721827106 -9.652233746869644 1.0
7.415635998188204 -9.298552356607969 1.0
7.2865386678947734 -9.167512252239609 1.0
7.080759438791092 -8.983481314724253 1.0
6.7093266959703906 -8.65201525593345 1.0
6.422336590559222 -8.576000201411661 1.0
6.063562975935034 -8.551140133617077 1.0
5.970491980791141 -8.51576562957865 1.0
5.794616341883923 -8.153015496180966 1.0
5.711721921175143 -7.944921905905393 1.0
5.434084787246068 -7.803296731800189 1.0
5.3392284767427896 -7.781039006683645 1.0
5.124783701794174 -7.456763161511276 1.0
4.729772874674251 -7.314171804916269 1.0
4.378893798016857 -7.04928554859271 1.0
4.357295272984246 -6.936401620176351 1.0
4.1514761314900355 -6.573122040469045 1.0
4.12696108079077 -6.358095114082957 1.0
4.065834128180744 -6.074609245278619 1.0
4.042175789419243 -5.935208519952001 1.0
4.02444385374344 -5.8411421756004795 1.0
3.9764608242419457 -5.501276356780101 1.0
3.6543836406439154 -5.378882739864678 1.0
3.3869023395004563 -5.341254540023649 1.0
3.244372850023795 -4.978901105271935 1.0
3.051172921066514 -4.637136338879861 1.0
2.8066770950053996 -4.302437622563206 1.0
2.610882949530911 -4.03222772227759 1.0
2.416253453331361 -3.8606751862119597 1.0
2.2352441179043847 -3.477155095547956 1.0
2.216594104597652 -3.2958328003712216 1.0
2.055721723482083 -3.2110835648500506 1.0
2.011780543318049 -3.163530747212626 1.0
1.939515632081512 -2.771248080323944 1.0
1.762283110335256 -2.6462361559666894 0.9999999999999999
1.4423414652096909 -2.4877424739205445 1.0
1.14303153422607 -2.469174964031232 1.0000000000000002
0.9840844223311229 -2.183572927364558 1.0000000000000016
0.9812424480479746 -2.018392077202529 1.0000000000000062
0.7994670482002612 -1.737262730196381 1.000000000000022
0.6434182719484506 -1.6506562646015477 1.000000000000013
0.4049108473170998 -1.5517941902789687 0.9999999999999973
0.060829526649142596 -1.2116397070529175 0.999999999999844
-0.2327218769012675 -1.184391321130288 0.9999999999999689
-0.5543412130784183 -0.8172541655853125 0.9999999999998939
-0.764843891365625 -0.8015834083650969 0.9999999999999791
-0.9691807162185987 -0.5781968051239949 0.9999999999999787
-1.0262101525759224 -0.5081449939177997 0.9999999999999788
-1.0597347835920607 -0.33464827095577965 0.9999999999999437
-1.0943166762344376 -0.3318816732666411 0.9999999999999597
-1.2616170273876581 0.008326079359422922 0.9999999999999369
-1.4247298581447352 0.2961761593579604 0.9999999999999627
-1.508206210206238 0.5187935540384768 0.9999999999999772
-1.897094305227177 0.5697976590283838 1.0000000000000033
-2.1203915530191493 0.7014661017801174 1.0000000000000009
-2.354247874729227 0.8163901856152955 1.0000000000000002
-2.616146898388353 1.0550181931759834 1.0
-2.88408467031955 1.1789990371069252 1.0
-2.9445670425977273 1.571038548824664 1.0
-3.3055497218137355 1.859347534122073 1.0
-3.44238330239814 2.1902414196908784 1.0
-3.7014236293594047 2.406110107733142 1.0
-4.086390511398711 2.612642326281475 1.0
-4.2163610692919935 2.6547057282375834 1.0
-4.397663938009563 2.877763491642535 1.0
-4.73398396293963 3.0977750841626777 1.0
-5.067922020535032 3.2135756787615177 1.0
-5.086698276446896 3.514162076438498 1.0
-5.449899801250338 3.6238062682267715 1.0
-5.761302871927063 3.833658714331701 1.0
-5.907137769853971 3.967447205339846 1.0
-6.067389417811477 4.289992144882047 1.0
-6.279162271315202 4.5067820237633835 1.0
-6.658994386048755 4.7405336697543365 1.0
-7.010636197995219 4.8860175753282125 1.0
-7.367957203425676 5.032991632268817 1.0
-7.4426922149215855 5.2766541753034035 1.0
-7.544963129653483 5.30191378154698 1.0
-7.5963261531912 5.613056723005923 1.0
-7.7363051366490225 5.7061691883954415 1.0
-7.916424316060851 6.067299898866355 1.0
-8.175985781708507 6.397705942364216 1.0
-8.315725870285663 6.401252015857489 1.0
-8.468898450595514 6.666788035647862 1.0
-8.685780568392126 7.011035059798489 1.0
-8.806476708373225 7.064603283390329 1.0
-9.051751828913623 7.369452414494151 1.0
-9.31638101380018 7.685603873171876 1.0
-9.56473666757082 8.000711361668014 1.0
-9.927504155314892 8.324192240466406 1.0
-9.825873682833189 8.713783708467092 1.0
-9.544180150067106 8.928396813634384 1.0
-9.271584575025544 9.201046056673128 1.0
-8.889626668482148 9.481996265459749 1.0
-8.75921746925013 9.70242016894583 1.0
-8.69298150560727 9.781144961393363 1.0
-8.449289078322305 9.86709424211948 1.0
-8.414657035092228 9.84307124085613 1.0
-8.360103605018962 9.759952409847921 1.0
-8.02340924246616 9.743562643900807 1.0
-7.955302506221873 9.615976032335102 1.0
-7.607708473126902 9.243122169364712 1.0
-7.426576460267383 8.85569701603211 1.0
-7.080263939827101 8.625026177068634 1.0
-6.690172792238785 8.60139569601091 1.0
-6.4536003452175486 8.427604286093537 1.0
