-3.7461903067607496 10.0 1.0
-3.5997686537532876 9.720813339122678 1.0
-3.5559788221015007 9.425355642233765 1.0
-3.406879871026833 9.42113214085467 1.0
-3.1004383881683184 9.087211856130654 1.0
-2.8230162013662907 8.863351132553314 1.0
-2.4780738310876176 8.492459268298823 1.0
-2.4411311520077486 8.239180620566218 1.0
-2.2970819611067776 7.84509203778925 1.0
-2.2019925726535967 7.70936878022887 1.0
-2.1753717659375402 7.364157065565132 1.0
-1.9552253056143623 7.171380819846136 1.0
-1.857191806634168 7.109798679390164 1.0
-1.7451865870773562 6.75648229353605 1.0
-1.441789402612437 6.424096943566511 0.999999999999998
-1.1714324592068999 6.3616915827441565 0.9999999999998985
-0.7881542859106624 6.0868297968270815 0.9999999999767816
-0.4714580143753804 5.891670742510428 0.9999999990842371
-0.1558707801015946 5.550815969537407 0.9999999580203919
0.06383691773116898 5.463822626643374 0.9999997615461661
0.3595815024885082 5.432115651246701 0.9999985857824999
0.4288928707742483 5.091653799505055 0.9999952150245646
0.5630798819730386 5.062079615227694 0.9999906099505256
0.5659267492935605 4.781848703860005 0.9999947736684386
0.9056616977829128 4.436045342037913 1.0002125179569201
0.9132391140249416 4.234479939084597 1.0005937736233257
1.2225300168973794 4.19237989475235 1.0014138611459833
1.2294294453621935 4.098352839099533 1.0019944153040417
1.388222781267614 4.000564399566541 1.0026211316814226
1.6715689219081407 3.679649421973193 0.9925488380162069
1.8788725730323033 3.4031040749250394 0.944463685655913
1.9785490527689744 3.206797680771341 0.8981250722483278
2.344105803325642 3.018230034098698 0.6385536884982863
2.694149895296058 2.692846415053537 0.45636107851154606
2.9764086636215303 2.543635725113252 0.4451814202812907
3.1828527581597346 2.1835743922460695 0.7708757041737683
3.2487217895112037 2.0808608872524914 0.8442244649643977
3.2700602823645877 1.8101043229050586 0.9607265573210115
3.596616204422033 1.80039974466443 0.9724940918911351
3.6021805077716498 1.453928050836104 1.0048957590223766
3.9746503970368865 1.164167833456426 1.0026628957924302
3.9959818225991866 1.054978713984875 1.0020067378573505
4.242411578499288 0.8896131928689655 1.0005325337299484
4.455732189053639 0.5247090653337607 1.0000414698525482
4.759303788783101 0.2535027297220103 0.9999992092812366
5.1058986029779225 0.1410519122827658 0.9999990146965644
5.113361290136781 0.06825358167499841 0.9999993692903104
5.141601826602937 -0.12435041880856683 0.9999998236630936
5.503237826151604 -0.20538831662561274 0.9999999640826083
5.563596524882847 -0.5891564207469311 0.9999999984014051
5.859050611625563 -0.9434936647647798 0.9999999999812172
6.06427843720918 -1.0803857992922703 0.999999999998373
6.451942476542049 -1.4279703967580792 0.9999999999999979
6.691107907368283 -1.5190486179995573 0.9999999999999999
7.0290663758044145 -1.9162968655711268 1.0
7.158883005606148 -2.238975737210931 1.0
7.5451936800108115 -2.263497165269727 1.0
7.837495739096718 -2.6180038606086384 1.0
8.06930082889568 -3.011487037988396 1.0
8.232161175244821 -3.099595155938381 1.0
8.549298529354045 -3.178423506406083 1.0
8.923622161381562 -3.1993044685487906 1.0
8.945533654970367 -3.5771025901121023 1.0
9.171501106933473 -3.74824630259543 1.0
9.318815811665162 -4.091766810134118 1.0
9.629795596486069 -4.149859437633099 1.0
9.906499110615696 -4.271907919636237 1.0
9.995503944858786 -4.3418186017281535 1.0
9.634415936181822 -4.384779964775879 1.0
9.275558779966994 -4.386900808415708 1.0
9.070104541189016 -4.630374203829899 1.0
8.877178649564648 -4.889978083822906 1.0
8.855860923135461 -5.088549519472229 1.0
8.836810834961486 -5.47807888995257 1.0
8.573956478437983 -5.662860753217762 1.0
8.484555040454277 -5.911637289840578 1.0
8.106147164911835 -6.134382261965367 1.0
8.080974959617995 -6.1426319464690815 1.0
7.794848417790655 -6.166485072799165 1.0
7.612558405165286 -6.524306224475135 1.0
7.490623960530711 -6.833093404382803 1.0
7.164602678714996 -6.932556219572105 1.0
6.854606507090324 -7.303420046679975 1.0
6.528070481969724 -7.305875353382551 1.0
6.457783828314241 -7.4305597910808405 1.0
6.274573897590168 -7.573952029841935 1.0
6.169742769687014 -7.884606457193517 1.0
5.926100106042128 -8.049631275385973 1.0
5.532466811015982 -8.068151275222922 1.0
5.3283921958801015 -8.429971709928557 1.0
4.9451293104442815 -8.678119083207612 1.0
4.7840420802187875 -8.914555902666814 1.0
4.418515241449017 -9.157903673866784 1.0
4.188339781609385 -9.32804526665598 1.0
3.8677380759838718 -9.542674757263413 1.0
3.6127544649900054 -9.854209933615858 1.0
3.2742967827272724 -9.936453556048289 1.0
2.9725973271464086 -9.624690637977366 1.0
2.83823921196856 -9.331979413803793 1.0
2.471934975602463 -9.211248555910252 1.0
2.3332638343025605 -8.940251449759142 1.0
2.3151844463819864 -8.832584347651148 1.0
1.9470009409211015 -8.514809319202532 1.0
1.5860267672539647 -8.234109732805727 1.0
1.4104671534879454 -7.976804426081137 1.0
1.2953260255211738 -7.82285605101414 1.0
1.2697840389561224 -7.709130482601791 1.0
1.2656342752097736 -7.662171002043109 1.0
1.2046918430683475 -7.409638477344797 1.0
1.025600062349986 -7.309503707822364 1.0
0.8271736916854661 -7.2886494829721205 1.0
0.7081793518935269 -7.0375084817963 1.0
0.6746334174120389 -7.001911416755275 1.0
0.5569723364497221 -6.96080247464409 1.0
0.2205418849736137 -6.587172224029651 1.0
0.1202784003782389 -6.381410421323768 1.0
-0.0637177952139595 -6.295661994869166 1.0
-0.3724264737086753 -6.140221808065035 1.0
-0.3739167880546909 -5.853990530517465 1.0
-0.5269292031919387 -5.594671524549427 1.0
-0.7025662018971912 -5.23227442186365 1.0
-0.949175895563098 -5.1093344269592444 1.0
-1.202782980722363 -4.905708909328779 1.0
-1.5295208569622671 -4.721197643609671 1.0
-1.786006313554796 -4.354295290390529 1.0
-1.7927374240693632 -4.000041390548889 1.0
-1.9056010114308597 -3.6240231010416037 1.0
-2.0208681525298484 -3.5416197589241922 1.0
-2.078506017933347 -3.4474892253974865 1.0
-2.226817522653325 -3.0821874632013864 1.0
-2.269864972051759 -2.7677122343510945 1.0
-2.362571558917715 -2.5823668126908124 1.0
-2.53600979782623 -2.2007704507280903 1.0
-2.7120663850367768 -2.071391077635098 1.0
-2.814259609286643 -1.685856260937072 1.0
-3.170021918269896 -1.6443963136658106 1.0
-3.1887439263537383 -1.5803965137599842 1.0
-3.3695069363476917 -1.2406629853393714 1.0
-3.474862788114671 -1.2380403921695549 1.0
-3.717608134867021 -1.1745321622245346 1.0
-4.076055614619782 -0.9335613204536168 1.0
-4.455338717421357 -0.9181379608282092 1.0
-4.500266859140296 -0.7460581896715717 1.0
-4.799840786352208 -0.6211086923536727 1.0
-5.0048682391440735 -0.5552738515247957 1.0
-5.17901108022527 -0.17199360215346599 1.0
-5.492825774909553 0.0796247797994456 1.0
-5.8559110955774685 0.4656296191261831 1.0
-6.134584600728088 0.6288405101001578 1.0
-6.187710258034328 0.6976193567155763 1.0
-6.364484961289032 0.7766352953459714 1.0
-6.496454750747832 0.8091737423896534 1.0
-6.622520282735299 1.092429373486512 1.0
-6.771654878546387 1.4210611361932484 1.0
-7.006901176592414 1.7499227750434065 1.0
-7.302540188293401 1.8604916451337215 1.0
-7.395199120234889 2.160856789328537 1.0
-7.575844361561447 2.5187772017251686 1.0
-7.906809114395426 2.5739441605285123 1.0
-8.298150793550223 2.9131666972554595 1.0
-8.542092836254755 3.077314000231496 1.0
-8.93515486794846 3.081888411725727 1.0
-8.968842060396431 3.1595413429035752 1.0
-9.028680666649032 3.444483554260044 1.0
-9.059636838897907 3.554960695962423 1.0
-9.080927179124433 3.678972884732647 1.0
-9.23926339521252 3.848499626017308 1.0
-9.309213328412744 4.028262483073327 1.0
-9.50460427151712 4.168710235132068 1.0
-9.79844114713397 4.275465432152819 1.0
-9.94468390131747 4.380025470701947 1.0
-9.562397012974102 4.7464927654557565 1.0
-9.452829737795534 5.021521914138842 1.0
-9.154078783070295 5.233350160922849 1.0
-8.82385264826318 5.554631671996991 1.0
-8.601372030058883 5.6080660281392305 1.0
-8.354751481378937 6.001313734592578 1.0
-8.223032455100967 6.040072222284875 1.0
-7.917484948155014 6.102168447073537 1.0
-7.883264353070967 6.264160300472831 1.0
-7.507067868836581 6.425858823250926 1.0
-7.260442787556441 6.596844339499576 1.0
-7.1362665127007405 6.741988557763712 1.0
-7.053851399085146 7.091075474541709 1.0
-6.8728791858755365 7.154278844113722 1.0
-6.843989854730318 7.2777739701837785 1.0
-6.658434906180631 7.30448486363904 1.0
-6.481648600483615 7.692571140094682 1.0
-6.19233352216576 7.924997701435698 1.0
-5.880435789439047 8.15248688380235 1.0
-5.48798463989106 8.264488449100021 1.0
-5.2017723563533425 8.455007307008412 1.0
-4.982380817189322 8.761268767690893 1.0
-4.7255459656685055 9.146172889488643 1.0
-4.582762098597071 9.518265769780852 1.0
-4.268633273251462 9.569839093608255 1.0
-4.038594392489715 9.966638936925486 1.0
-3.7223619320581633 9.707770458896972 1.0
-3.608993309663611 9.682897030631606 1.0
-3.403690218464837 9.680734071967436 1.0
-3.2299781813650386 9.486037195226059 1.0
