0.35025231936872814 10.0 1.0
0.08619994891191679 9.942420624499277 1.0
-0.2176598516614019 9.75494377054258 1.0
-0.3566124327319098 9.399747075720756 1.0
-0.684666404494585 9.337443006186037 1.0
-0.8868945474686597 9.18260251765519 1.0
-1.2644841956916262 9.029878654768117 1.0
-1.5232673151894225 8.710639476103358 1.0
-1.6448451538423596 8.70147577290142 1.0
-1.8386401355757676 8.590572769118177 1.0
-1.9512525686859417 8.318045413788496 1.0
-2.2653418103929437 8.087612517194621 1.0
-2.6201255859139025 7.982214661857105 1.0
-2.7992487677235296 7.719010974381927 1.0
-3.1887301287587344 7.387878237979725 1.0
-3.353485155143468 7.188698177722838 1.0
-3.6333422677541636 6.885080563122316 1.0
-3.664832670568385 6.800316478579401 1.0
-3.9244192809199983 6.4694816445503465 1.0
-3.9343329209242057 6.097267664696801 1.0
-4.14316388462561 5.708973173406836 1.0
-4.512690962292002 5.557658929268634 1.0
-4.6427588015378 5.273892903973309 1.0
-4.945995840233311 4.894275036288501 1.0
-5.164721616556271 4.521636314433918 1.0
-5.402962632058144 4.449914082493616 1.0
-5.761284012645707 4.2762834818658755 1.0
-5.936369992381449 3.9116029325576767 1.0
-6.253434840759709 3.514147585353797 1.0
-6.613618349792116 3.4683558738832927 1.0
-6.996283057520445 3.0919078902450456 1.0
-7.309366018201326 2.9812562478521247 1.0
-7.353694350910864 2.910216068110282 1.0
-7.712013984578997 2.6967257906730038 1.0
-7.727734573799783 2.5673586388984626 1.0
-8.080404981427922 2.4889000588144063 1.0
-8.470313174458829 2.399721728956385 1.0
-8.522478220194362 2.3400508728748233 1.0
-8.749561721129808 2.2034359525581872 1.0
-8.87877853222672 1.933987856964353 1.0
-9.076905173931367 1.6596800001519036 1.0
-9.305657161896166 1.4213311475817798 1.0
-9.347487896305683 1.119690650133122 1.0
-9.590721042223919 0.9924760367584945 1.0
-9.73160163355283 0.7195652004988712 1.0
-9.878411512164407 0.6389677775075141 1.0
-9.596970757162 0.564448998277648 1.0
-9.306708581888788 0.17187097475688995 1.0
-9.073234029622116 0.12167640745657884 1.0
-8.795272242975194 -0.028447003473952875 1.0
-8.621590955538924 -0.23212204302733636 1.0
-8.614587822316308 -0.5578954618915484 1.0
-8.444383335094312 -0.7790207179014413 1.0
-8.36460032449002 -0.8896071781907609 1.0
-8.20657073458127 -1.2706004445504184 1.0
-7.921336584151463 -1.4805156652978213 1.0
-7.665081401008038 -1.8373924593217024 1.0
-7.3516032243333855 -2.1061162529843656 1.0
-7.038415707787577 -2.2754871982088942 1.0
-6.733320525127774 -2.625285402601633 1.0
-6.720846936152106 -2.931042392592575 1.0
-6.624301650060206 -2.9883855158268986 1.0
-6.291047883263268 -3.2901679829100177 1.0
-5.951754210617048 -3.570265937070279 1.0
-5.92217361750435 -3.637939878089694 1.0
-5.723467800814124 -3.66018615398107 1.0
-5.444351947818807 -4.001100142012575 1.0
-5.164556329336622 -4.398133380764066 1.0
-4.816172482310923 -4.659338267790549 1.0
-4.635748120082713 -5.036484216645589 1.0
-4.404123807247548 -5.424916161435075 1.0
-4.365559322484614 -5.752468971263719 1.0
-4.023005329794663 -5.874799054387867 1.0
-3.804247943758305 -5.965437181252041 1.0
-3.5311362725915183 -6.198385112828911 1.0
-3.457225842630831 -6.248494188193261 1.0
-3.0766989274455945 -6.322388462543249 1.0
-2.754605295686532 -6.491681150020636 1.0
-2.4307867340540343 -6.717423509564212 1.0
-2.0367742600399357 -6.998504711419199 1.0
-1.9936798074402757 -7.003362879225108 1.0
-1.8583312329207202 -7.1042875242889725 1.0
-1.5985415743454165 -7.377596905277495 1.0
-1.5093656765266952 -7.718507094377425 1.0
-1.33611959622334 -7.816909524265904 1.0
-1.0989441081619413 -7.939018099215906 1.0
-1.0601423410032973 -8.174803703031646 1.0
-0.7157547440548336 -8.388811951194104 1.0
-0.5809306380247562 -8.736758736662324 1.0
-0.25017501060062475 -8.810757455618196 1.0
-0.18928835701689042 -9.131082596665772 1.0
0.1944433928229101 -9.147587792753596 1.0
0.35099815750609376 -9.347734357660865 1.0
0.5807281916673703 -9.458251531378616 1.0
0.6707393487252813 -9.616734906190631 1.0
0.9689676360556578 -9.802629107165098 1.0
1.3069855135096358 -9.93344150083306 1.0
1.347820890741231 -9.71046862620588 1.0
1.7112978326243304 -9.553796524392354 1.0
1.719954639530156 -9.347157043687066 1.0
2.1140720768769925 -9.222522729651622 1.0
2.1588785177569116 -9.177349116781604 1.0
2.3744810593433083 -9.168600787345726 1.0
2.4894093437793012 -8.9827924000631 1.0
2.804025001328406 -8.980476341974555 1.0
2.881132724630798 -8.877382516756478 1.0
2.923382840677568 -8.717582951436487 1.0
3.006949975044757 -8.624792539907977 1.0
3.2222430492628193 -8.531515798295212 1.0
3.532299666604365 -8.358355341653565 1.0
3.6650590583500593 -8.248167677724268 1.0
3.7899251695726273 -7.8710020512036944 1.0
3.9472221980990816 -7.537114344689573 1.0
4.1851228857690606 -7.42389480168126 1.0
4.58097427961942 -7.074980642308879 1.0
4.592250933660638 -6.89619564805227 1.0
4.603492109823946 -6.670431840318665 1.0
4.9699036761959645 -6.440185892271839 1.0
5.27596805982883 -6.434816645928804 1.0
5.4645649790776005 -6.190691493663019 1.0
5.807183462319578 -6.129338671073578 1.0
5.815741381116834 -5.780479903342618 1.0
5.9130258509799445 -5.77195274668926 1.0
6.144546184047955 -5.608972692693655 1.0
6.339636329263595 -5.419970342081374 1.0
6.6274564172856545 -5.375265490918064 1.0
6.957389954442331 -5.332615257627159 1.0
7.152496830622056 -5.293063204756658 1.0
7.300709918049816 -5.0364964568084885 1.0
7.651418629890497 -4.829723371584098 1.0
7.909795449735008 -4.741159020456186 1.0
8.0235352533273 -4.7291541122968965 1.0
8.349703543509946 -4.656537488284034 1.0
8.43975363400519 -4.463835760129822 1.0
8.764866395370651 -4.224267615963968 1.0
8.963996512109047 -3.889726435606122 1.0
9.298049255104031 -3.665413077560544 1.0
9.678649785624959 -3.524271587564874 1.0
9.88695734191877 -3.343233152441224 1.0
9.724111152422747 -3.3071665956321024 1.0
9.5258138844995 -3.016155387682851 1.0
9.19726152205012 -2.9109186442682895 1.0
8.848024569632125 -2.6881240994585553 1.0
8.45049651220435 -2.418620515251015 1.0
8.16272365351078 -2.225971168375151 1.0
7.826229619930476 -2.0546837635018886 1.0
7.640031877165264 -1.781399919198161 1.0
7.319474544707906 -1.6155825853894281 1.0
7.027326503948261 -1.3035860096118292 0.9999999999999999
6.741939700257181 -1.0769320356308116 0.9999999999999813
6.720488154407473 -1.0322809363928551 0.9999999999999655
6.375756808182489 -0.7254654991441989 0.9999999999931608
6.141697228062127 -0.5956545560699178 0.9999999999131374
5.906576660978229 -0.45468630593367654 0.9999999990342922
5.558813419523645 -0.1769321787768129 0.9999999647368338
5.344295614777263 0.05385292048247775 0.99999966661283
5.152636279653955 0.06582994908102345 0.9999994196961284
4.807425049161434 0.09054214250318328 0.999999466077903
4.646328385956271 0.1667303435186802 1.000000970057904
4.639084120503137 0.2517598061187882 1.000001778623575
4.330984663616825 0.3394429559100677 1.0000331752179858
4.313782436744193 0.668670449484742 1.000170240520219
4.02775239931095 1.0070522616670603 1.0016181303926643
3.759564741096276 1.2464181782583945 1.004885324858907
3.3950461247601886 1.5041193808636963 1.004141638870754
3.0347135093006647 1.5563375905393442 1.0011515222064016
2.7942598857417495 1.7331637003178102 0.9814665308037265
2.7370483128119645 2.1078125411150674 0.8628639862884914
2.4439566138774453 2.379644022631629 0.8092948365862715
2.261922286622063 2.59245321901397 0.8145092077613175
2.195810220271146 2.7059539828431287 0.8206285574463882
1.8372961887239283 2.7663332001364274 0.9611630372257446
1.5305906837032146 2.8809082571267925 1.0027076581021677
1.3257697757208846 3.1411308560067206 1.0089721657943738
1.0742157263182668 3.4816893744021495 1.0055711825054832
1.069167769092562 3.6171530579335136 1.004649892325323
0.8473449109962048 3.8552492706877346 1.0015567509280772
0.5362144234595042 4.235384340470675 1.000134486003255
0.36216286891091287 4.270715400443029 1.0000493227182479
0.19298575975396098 4.576900886502316 1.0000028304814719
0.1418879845424083 4.658438249774825 1.0000006611282923
-0.1757972570115397 5.021216332334594 0.9999998547069412
-0.562848737483207 5.239935041055378 0.9999999942829517
-0.9339786031183177 5.315384933263096 0.999999999817204
-0.9762826363516515 5.531134033069035 0.9999999999414271
-1.0572127074911144 5.727978048636737 0.9999999999885475
-1.2369345582106988 6.074004388898501 0.9999999999997212
-1.493747815538448 6.291370828432502 0.9999999999999982
-1.5338876096331748 6.643868515535843 1.0
-1.5690003491857685 6.697128792500333 1.0
-1.904155758270398 6.816436942409153 1.0
-2.2007057283684697 6.927667597051346 1.0
-2.348176318392477 7.284880253179862 1.0
-2.51274458479743 7.507774448427743 1.0
-2.8265373428570144 7.618058124435697 1.0
-3.0828379876846075 7.967025802228893 1.0
-3.4454114417261454 8.27136269160441 1.0
-3.757181227103899 8.34361369987839 1.0
-4.145809110130739 8.426501307712194 1.0
-4.538743127886062 8.556601610446812 1.0
-4.70768747261806 8.670943433760232 1.0
