-10.0 6.6474502329322105 1.0
-9.607889925785571 6.304386246028196 1.0
-9.503086401212789 5.985471058621598 1.0
-9.387049444699098 5.6206675918040565 1.0
-9.34389005071354 5.453191562759016 1.0
-9.27530339804284 5.203309833726885 1.0
-9.166995188774505 5.1184209337203646 1.0
-8.985303302009841 4.963180778899847 1.0
-8.695106136094276 4.620660306934105 1.0
-8.591120930423896 4.5723520944971 1.0
-8.487372060469024 4.2081889160085275 1.0
-8.226914583590947 4.136305332001642 1.0
-7.857467904175382 3.7753160645442465 1.0
-7.47750602072658 3.457952190620174 1.0
-7.226793900378336 3.140584894746599 1.0
-7.155505279435907 3.1018698974467296 1.0
-6.900729235562603 3.01440439813949 1.0
-6.854615834176062 2.6291396343445426 1.0
-6.752042562066611 2.3896201962324146 1.0
-6.4848414108251085 2.250007034753643 1.0
-6.450322720282102 1.9259126185170643 1.0
-6.207498267100957 1.608258811970221 1.0
-6.164647476719123 1.3636323484431325 1.0
-6.071213318262586 1.3427278005707353 1.0
-5.963656503347348 1.16974919201627 1.0
-5.879458415674879 0.9427012743686165 1.0
-5.717736550445986 0.7629987890765391 1.0
-5.470635024726086 0.5002132981798765 1.0
-5.447162809552199 0.4620650595992093 1.0
-5.33828125648199 0.13825167240994868 1.0
-5.23276964146722 0.024732707127221976 1.0
-5.036624365085838 -0.1651962374730429 1.0
-4.887047375202665 -0.42761529907646206 1.0
-4.580447160052441 -0.45659746828588627 1.0
-4.248478696951061 -0.5019962151529355 1.0
-4.13307555084769 -0.793584560776547 1.0
-4.085438895942545 -1.0880351489739009 1.0
-3.7572269470824766 -1.2572565679133845 1.0
-3.6530888594072746 -1.6366230474466807 1.0
-3.5554859249647426 -1.9581340445455542 1.0
-3.212387797175325 -2.139451035102201 1.0
-2.825293249859851 -2.5137198535227627 1.0
-2.769644736960062 -2.522687939961867 1.0
-2.5725486516827654 -2.7706615082849515 1.0
-2.402913586552981 -3.052564650696754 1.0
-2.14323496441897 -3.349711032129432 1.0
-2.083016041417812 -3.507782619838809 1.0
-1.9188729991197495 -3.632034747551203 1.0
-1.5470498340775058 -4.028473133795614 1.0
-1.2541112920096331 -4.205938027525111 1.0
-1.2159068314914028 -4.428899925309266 1.0
-0.9883439578684883 -4.67873916063331 1.0
-0.6395862432454293 -4.686219694230672 1.0
-0.6129324040668703 -5.054351448259601 1.0
-0.37994263790770627 -5.41539355757908 1.0
0.0036169933817728483 -5.708114257787896 1.0
0.12504318759870134 -5.93577673838626 1.0
0.2632968677780395 -6.281551429023408 1.0
0.6533405233842423 -6.353005075527548 1.0
0.8018785137339244 -6.496029339167395 1.0
0.9085266039378375 -6.645543441613947 1.0
1.2265833795016865 -6.870737116715611 1.0
1.3980307036430084 -6.983665045160934 1.0
1.4317513280203313 -7.15201801063333 1.0
1.8121460650962256 -7.5446897451075605 1.0
1.9948654041441136 -7.842843536000608 1.0
2.0335742153456517 -7.847025482348275 1.0
2.132954062559724 -8.08814101749503 1.0
2.2462554954581284 -8.431929043218089 1.0
2.2809590756694624 -8.648760317420923 1.0
2.617635093057958 -8.90093062017245 1.0
2.8641311214857126 -9.109096985085742 1.0
3.2253156482247984 -9.193551246135982 1.0
3.600894767574636 -9.535776781657137 1.0
3.6122556395053866 -9.689282930994667 1.0
3.8159108832685704 -9.862350471896969 1.0
4.109286691853919 -9.964798537750964 1.0
4.490256698952707 -9.757352086147655 1.0
4.58474385963302 -9.642988422197238 1.0
4.651742542593591 -9.381702959401697 1.0
4.893429368420276 -9.00008421797596 1.0
4.938389055595511 -8.891074150071548 1.0
5.325963498364149 -8.556899786793213 1.0
5.676999843131261 -8.518265279932717 1.0
5.929815440026382 -8.35254253724584 1.0
5.931581926479004 -7.984548760875267 1.0
6.209952555067499 -7.786118818370756 1.0
6.418089998236626 -7.532838516523437 1.0
6.545098156621259 -7.341316591716275 1.0
6.877600291248027 -7.295850814661477 1.0
7.200045971257493 -7.269946771985842 1.0
7.374556112354556 -7.198331750140377 1.0
7.600343662708021 -7.111874754183704 1.0
7.765169402443672 -7.0434757580467116 1.0
7.887928375154628 -6.92787033849982 1.0
8.188411324358649 -6.649553046077704 1.0
8.219973961745792 -6.52334450862999 1.0
8.593279799766298 -6.35850113808322 1.0
8.733292530642782 -6.219726041641066 1.0
8.956192987276859 -6.008816888758654 1.0
9.298122324620437 -5.761358481750423 1.0
9.486425194505392 -5.4255099508580855 1.0
9.853029349104848 -5.404269972988576 1.0
9.909524839047869 -5.105147394402194 1.0
9.628048097263074 -4.993983707634794 1.0
9.406863322317582 -4.739131377879977 1.0
9.309874698895506 -4.3776960115202606 1.0
9.181172307955714 -4.198307907009989 1.0
9.167261742049497 -4.086652013662604 1.0
9.05357378246709 -4.071804405393393 1.0
8.726307171208354 -3.94239544181751 1.0
8.510539828481278 -3.8876374980989703 1.0
8.373233252600473 -3.760759621216407 1.0
8.053996854070686 -3.617119697987585 1.0
8.037190190727669 -3.3250009206872386 1.0
7.665960900651254 -3.054424614840215 1.0
7.620654603332693 -2.9493537239183385 1.0
7.596623440676007 -2.8418452899990756 1.0
7.251906420890312 -2.731507783592717 1.0
7.180583606718585 -2.555298632281496 1.0
7.143515909256423 -2.2720742321749765 1.0
7.027792926770125 -2.0484914927107623 1.0
6.633814544355882 -1.8960156464286135 1.0
6.398742301760176 -1.652869563068656 1.0000000000000002
6.339959159921184 -1.5202685240353835 0.9999999999999993
6.132478838521834 -1.5190205657591478 0.9999999999999976
5.936428479704556 -1.3483832700034408 0.9999999999998523
5.82619135915143 -1.0385964268371726 0.9999999999913002
5.766613990497133 -1.0119471346612277 0.9999999999849091
5.7413485446180825 -0.9790564820210388 0.9999999999765656
5.372584610385001 -0.8948396902622637 0.999999999777931
5.208712590154338 -0.7716149288736649 0.9999999989358429
4.964114871093474 -0.6449985580135751 0.9999999957405531
4.597983835804325 -0.390700456394527 1.0000000482577418
4.517671178606853 -0.3743445158615018 1.000000115996636
4.48235813781182 -0.3260045834638986 1.0000002146262845
4.474248786123057 -0.04583081272716305 1.000001544119409
4.338899048046886 0.24919252482786902 1.000019616907295
3.966744089911381 0.4777595861761934 1.0002526298635532
3.6573404925109876 0.7922738868650652 1.0018768872873867
3.6279327384346063 0.8206419173188381 1.0021772970527376
3.5577434530018923 0.9596704709828004 1.003777587169594
3.1841033837465664 1.2585092378153795 1.0088365958457124
3.0163314277316533 1.3287906962748022 1.0087527999560262
2.9019702288116442 1.644999880186242 0.9927594522435527
2.6438245969138827 1.8609191752017868 0.9619473555976974
2.6026545276771142 2.0494545992348296 0.910303611561039
2.326681459943126 2.065678023569391 0.9473053247127158
2.061285885930874 2.267887447389705 0.9561236729687761
1.8038393635964605 2.4109694430837054 0.98315479598246
1.44912875013622 2.75437257100509 1.0055153164321076
1.0848216771729509 2.8407995616315387 1.005928429270903
0.9220876371014839 3.2029839918367724 1.0043578488684677
0.5944494886254248 3.44202131693246 1.0011002581339554
0.5899867733092453 3.516015851375091 1.000999883811509
0.3298596100598174 3.6648280853313935 1.0002297154366602
-0.009844546869127446 3.7474580235293606 1.0000276833076513
-0.3879118026075371 3.7757798849840207 1.000001939607749
-0.48842007009812366 4.136605114507785 1.00000033831508
-0.5178691965364772 4.331250590125894 1.0000001199220263
-0.5527940423858073 4.470236532263539 1.0000000412737438
-0.6948653611707094 4.528447084836109 1.0000000083221972
-0.8331069613923106 4.658021062997965 1.0000000005047789
-1.0187821617461246 4.845570441900941 0.9999999998839214
-1.0229678560866677 4.899671585005266 0.9999999998705489
-1.2076570175307346 5.147264171157253 0.9999999999836722
-1.3600567084475452 5.488903620698503 0.9999999999990618
-1.583301343629635 5.731226254373277 1.0000000000000027
-1.8581325741385286 6.06343633598146 1.0000000000000007
-2.109837186782809 6.151749260054978 1.0
-2.202340768189269 6.497115132623245 1.0
-2.4363643311227943 6.800996776838303 1.0
-2.5618268822489294 7.164732223168965 1.0
-2.9296625605215496 7.284024587583587 1.0
-3.2821858827008192 7.517274736811187 1.0
-3.346432465808017 7.713911583272822 1.0
-3.420201226398928 8.110139688220997 1.0
-3.6120829367535787 8.303877897937772 1.0
-3.8996620528586567 8.554320798948275 1.0
-4.069484712808074 8.76893687854772 1.0
-4.224785612802408 8.835694199660335 1.0
-4.461426710967752 8.995452613899939 1.0
-4.511917790306438 9.395308592699106 1.0
-4.539735491995678 9.517956120558644 1.0
-4.615736175396906 9.60901973775119 1.0
-4.877148093361383 9.88371122613539 1.0
-5.258138221357726 9.827099871347908 1.0
-5.320064659361062 9.688185187040991 1.0
-5.441361323293433 9.483398234555661 1.0
-5.686249499528737 9.109933514455838 1.0
-5.96665200617565 8.944746792271745 1.0
-6.306398112339955 8.575550805688293 1.0
-6.51097836936781 8.423468334820235 1.0
-6.757242342219064 8.31217512580705 1.0
-6.961862788566616 8.131733213082144 1.0
-7.1615270914111875 8.068631764845465 1.0
-7.299401212698573 7.851695268307251 1.0
-7.661759440688718 7.550662986272029 1.0
-7.769930888092994 7.312610397748889 1.0
-8.035104516352026 7.149991548574956 1.0
-8.342610034334745 6.857496299206034 1.0
