-10.0 -3.02140945496053 1.0
-9.617843061986347 -2.634129706744193 1.0
-9.287245077245409 -2.5231344602169132 1.0
-9.259157201516752 -2.493986262370582 1.0
-9.203283780223735 -2.165234070529011 1.0
-8.826609742689046 -2.1429948406755432 1.0
-8.460986648202228 -1.759446967569529 1.0
-8.254583081742489 -1.6951091409350472 1.0
-7.893005548903272 -1.3205001772120326 1.0
-7.5744873448493655 -1.0391717433388528 1.0
-7.210326307901363 -0.9917387931887222 1.0
-6.9131875950337855 -0.9551975910249249 1.0
-6.818043704651291 -0.7182983588965566 1.0
-6.742830249470165 -0.45954442055404077 1.0
-6.6648900337698835 -0.3235199782487549 1.0
-6.622357211835023 0.052060876028936054 1.0
-6.228805293996307 0.213724251372255 1.0
-6.015112531751085 0.2249688429499555 1.0
-5.897062587495496 0.5419412386445496 1.0
-5.629031279807059 0.634435022860068 1.0
-5.3611568058681085 0.7259028048842221 1.0
-5.280954089181945 1.029596782437109 1.0
-5.188827617024669 1.1226240544994446 1.0
-4.9096332024065505 1.4645094220783381 1.0
-4.633219591163264 1.636707854930793 1.0
-4.6279871555164025 1.9815742463956574 1.0
-4.367283075181486 2.159267651646136 1.0
-3.9891211944885105 2.159395639449118 1.0
-3.9650885599463876 2.232360511445661 1.0
-3.9175591038432853 2.422089243697279 1.0
-3.765765404946857 2.7693633128321022 1.0
-3.4020297470220116 3.155330200974097 1.0
-3.225282801671752 3.426007172798905 1.0
-3.034017767097699 3.6109780958074507 1.0
-2.9612661637444435 3.781848725563747 1.0
-2.782122790237229 4.131944451271503 0.9999999999999999
-2.601486665310715 4.282801561654399 0.9999999999999996
-2.3910752930369563 4.617078848616245 0.9999999999999996
-2.032574695284061 4.936977152173009 1.0000000000000093
-1.8610297116944055 5.197241560130769 1.0000000000000264
-1.6868898171783355 5.473491728190875 1.000000000000026
-1.3724965778078266 5.633403125746564 0.999999999999554
-1.277330328152588 5.892084170865408 0.9999999999995416
-1.1499853562423878 6.2005657617288845 0.9999999999996475
-1.0671850493418022 6.475359626338202 0.9999999999998569
-0.8781085639098407 6.61253651923575 0.9999999999996597
-0.5199178384119296 6.830224513167618 0.9999999999986244
-0.17254499802311257 7.097098959145015 0.9999999999981585
0.012967711582518526 7.395610924280341 0.9999999999996568
0.16012376137631176 7.673927754023074 0.9999999999999708
0.4641103053041141 7.9249017784681985 1.0000000000000056
0.5901044866236145 8.243669946484982 1.0000000000000022
0.9314525320705742 8.348562819720641 1.0000000000000036
1.13345830920619 8.690976723070365 1.0000000000000002
1.2876513164466563 8.770363680150869 1.0000000000000002
1.5858662546398823 9.061911328539322 1.0
1.9518752049387882 9.374227292614387 1.0
2.1309279254860507 9.622081570874956 1.0
2.1425254675638956 9.943185375467394 1.0
2.3613668239496652 9.738950698189141 1.0
2.5083488857242506 9.657862287173067 1.0
2.5870872393224906 9.493945041103693 1.0
2.933871927986862 9.282886414755264 1.0
2.9716299888562605 9.231138562628512 0.9999999999999999
3.1580791872329987 8.859483790468394 0.9999999999999947
3.1632083433694955 8.601430266689901 0.9999999999999232
3.2577834054885972 8.390605725938157 0.9999999999994579
3.293170194493129 8.324412244514818 0.9999999999990549
3.454189990479935 8.292870312045535 0.9999999999989034
3.728429137801085 8.11745593006222 0.9999999999972846
4.127745993051784 8.10694367327912 0.9999999999989755
4.210134354653538 7.748169999069873 1.0000000000098717
4.59748145795231 7.68556803620373 1.000000000002489
4.613608303468794 7.6583737240265535 1.0000000000030294
4.761700733359127 7.534125920993658 0.9999999999953123
5.149370948033379 7.3422754530210055 0.9999999999201472
5.532061706537087 7.022160226279857 0.9999999994860199
5.816890789057563 6.657810496898652 0.9999999972337832
6.147793179393179 6.477018750243192 0.9999999982962038
6.546555358772379 6.083076138256552 0.9999999984751098
6.556043384086506 5.8877596969602095 0.9999999959230294
6.746237687833517 5.574503673940509 0.9999999958462703
7.113127412537179 5.2636410545806 0.9999999994472271
7.131750295769264 5.11482817727794 0.9999999993579004
7.524746722632425 4.981922150142828 0.9999999999868048
7.790424471684919 4.632056468419038 1.0000000000002274
7.826090959917579 4.499329592767402 1.0000000000002751
8.02903027993919 4.100492012957467 0.9999999999983141
8.330100404052178 3.9653826816202016 0.9999999999996785
8.516261403846805 3.6764527961700026 0.9999999999998869
8.869066913868712 3.338834817920506 0.9999999999999954
8.971049021409263 3.249613967356854 0.9999999999999984
9.14618160500169 2.9457677758172993 0.9999999999999998
9.196040174937815 2.5809217623809984 0.9999999999999999
9.224599816891015 2.204374680456915 1.0
9.235678699103492 1.824758628472715 1.0
9.33708671431211 1.6521852588361796 1.0
9.475460469892132 1.4714915500986356 1.0
9.72433153395819 1.221423707961796 1.0
9.981900137173627 1.1717066579978341 1.0
9.870425979438428 1.0923443443166443 1.0
9.701459472262368 1.0903224947958892 1.0
9.483726369717541 0.9877647376553759 1.0
9.342028857408902 0.7623831491632903 1.0
9.240830039192774 0.42960834574100015 1.0
8.887734360337062 0.2576592868222555 1.0
8.487767235082995 0.03508058875158562 1.0
8.352442580822352 -0.21676888510192857 1.0
7.995319924361521 -0.23886779037730452 1.0
7.720021722783106 -0.3630079327400094 0.9999999999999996
7.616544808427264 -0.513886899883466 0.9999999999999993
7.347054538705935 -0.7545048430461472 0.9999999999999981
7.167703694318711 -0.9780126620325595 0.9999999999999987
7.061236073345423 -1.1482336657641274 0.9999999999999993
6.9211929298151675 -1.2458332012732098 0.9999999999999993
6.9132740490117 -1.5623699914509144 1.0
6.723258097694317 -1.616074018334755 1.0
6.35766343490638 -1.7542686114823443 1.0000000000000002
6.153943084514297 -2.1245153795760023 1.0
5.923229199202802 -2.416201047434967 1.0
5.906854552963414 -2.5388124201165403 1.0
5.762822491770779 -2.777232682040157 1.0
5.456923498888921 -2.991227073327146 1.0
5.218015393764808 -3.383823246727604 1.0
4.880414709395629 -3.420500652950439 1.0
4.674068250512781 -3.4542197989870944 1.0
4.567973297110605 -3.8200967472111813 1.0
4.287840750200685 -3.9874778794287598 1.0
3.9035040735619506 -4.291826515457332 1.0
3.621684504037049 -4.581994489952146 1.0
3.544155278528096 -4.706431871241085 1.0
3.384689554109883 -5.105765495275924 1.0
3.304622417843349 -5.4010466137034445 1.0
2.9439610391381357 -5.5861905287349884 1.0
2.7974010561225295 -5.822581828247669 1.0
2.5978747994569447 -5.976140016666483 1.0
2.484499429875028 -5.980988895766759 1.0
2.175501745678548 -6.030171752241247 1.0
1.830471934655146 -6.232041938286005 1.0
1.7166009119400243 -6.615238753770699 1.0
1.5864543467516283 -6.890751465814231 1.0
1.3697597589631627 -7.208965137491749 1.0
1.2551693439981608 -7.508771535903955 1.0
0.9974077596095794 -7.530583692045445 1.0
0.8626279828220281 -7.7571955229706155 1.0
0.47054559729386963 -8.02992647572108 1.0
0.26847822767640894 -8.364948570277209 1.0
0.0481170432459512 -8.553438981850125 1.0
-0.24135404195723473 -8.89757983710165 1.0
-0.2589954003055949 -9.138048602557008 1.0
-0.6439228479947599 -9.146633483293074 1.0
-0.8663478168741884 -9.378859983524825 1.0
-0.8669784786236606 -9.560934622624874 1.0
-1.2476904869007892 -9.800072432820425 1.0
-1.613601401004034 -9.886935059173119 1.0
-1.697147264359653 -9.644781135871442 1.0
-1.7786432917831279 -9.517977642487425 1.0
-2.07193547140539 -9.382189031515063 1.0
-2.147826931097793 -9.12843984763709 1.0
-2.370845489401872 -8.778257989278002 1.0
-2.6508496330409046 -8.402016784183578 1.0
-2.8658332642257833 -8.302653595902655 1.0
-2.9898593441871992 -8.203757618042845 1.0
-3.048243600607525 -8.151155617506356 1.0
-3.209228387542224 -7.765987156396277 1.0
-3.302378877497799 -7.542989524712404 1.0
-3.3366364173475107 -7.484931681920198 1.0
-3.402354890733084 -7.407704063585065 1.0
-3.634092635758148 -7.27932996866285 1.0
-3.668444719560026 -6.986691693268995 1.0
-3.6756765957416695 -6.794121977504904 1.0
-3.941401215384985 -6.571494666898955 1.0
-4.241457445388716 -6.338337995421504 1.0
-4.4625702525066115 -5.959804278651774 1.0
-4.509263679251637 -5.701560037264954 1.0
-4.908959300813956 -5.405544001110422 1.0
-5.0627184154265885 -5.272795038514581 1.0
-5.250809690972655 -5.046629618714068 1.0
-5.640229603164016 -4.764286010673129 1.0
-5.999635927782872 -4.587920176729205 1.0
-6.150430425437403 -4.295692446909012 1.0
-6.222141876001398 -3.9725132587235916 1.0
-6.299901908877628 -3.5961953470066295 1.0
-6.63490089648482 -3.266896562517324 1.0
-6.843877907233127 -3.008425156620887 1.0
-6.991196090994518 -2.9895448916357013 1.0
-7.205032224649883 -2.603672153893038 1.0
-7.449956659327324 -2.4033474430084114 1.0
-7.63437807653469 -2.017619360207931 1.0
-7.90229774441967 -1.8447651210630172 1.0
-8.036772152115242 -1.7648368682346613 1.0
-8.148773603486653 -1.751850808447982 1.0
-8.476508623035524 -1.3634944258377764 1.0
-8.59508789433403 -1.0542178771915904 1.0
-8.641012982341929 -0.774185459935212 1.0
-8.990669708556807 -0.3757128829095018 1.0
-9.197701054504707 -0.003411213107508748 1.0
-9.298220401748527 0.3500616935125454 1.0
-9.455655663423506 0.5818525385971571 1.0
-9.678063745412732 0.9651206762989599 1.0
-9.864891368616242 1.0619907711426277 1.0
