7.326068495389779 10.0 1.0
7.16405736934579 9.610990703519276 1.0
7.086157266866424 9.450200995308718 1.0
6.806756836033707 9.445678413943957 1.0
6.4390153888630985 9.276358735155737 1.0
6.274371042552321 9.02876942146547 1.0
6.002531794010731 8.957049720642326 1.0
5.793033259339928 8.597056174030483 1.0
5.699584231861389 8.251456874319086 1.0000000000000022
5.396992175653906 8.204216920750394 1.00000000000001
5.355917327263697 7.814717196045049 0.9999999999999427
5.012982862158829 7.764763194983778 0.9999999999995852
4.928040582552602 7.666374963486001 0.9999999999978939
4.920811744067733 7.558306843551397 0.9999999999914195
4.532581068246389 7.185639642259716 1.0000000012640204
4.1984922297545895 7.011290520779095 1.0000000376781752
4.165884029640911 6.667279545667723 1.0000006741666223
4.111610364896819 6.501816907655389 1.0000026884128959
3.8317316663947025 6.362582784029646 1.0000149009260857
3.4571615095605033 6.079671861333685 1.0001502233398603
3.3108464654090457 5.925886563365469 1.0003856542903244
2.996879205717283 5.533065392672564 1.002327167978255
2.7833597523290026 5.263713778019661 1.0047770599601884
2.489076465285557 4.941011768885706 1.004616752968597
2.3296599130668607 4.915562778359979 1.0030868233262566
2.2262375368870755 4.900636384202071 1.0022358749802747
2.160986651108838 4.657871826402683 0.9988366827035469
1.9830345866640495 4.5870318877996015 0.9983801149317597
1.6438085454534819 4.190623955062698 0.9987165083582048
1.2510992071719529 4.064589805640616 1.002268846642683
1.1564110261810743 3.914471109249606 1.0030818031594313
0.957752519510033 3.598006333705688 1.0035592032420613
0.727229942946721 3.310138379611216 1.0021048912606871
0.7109904516589163 3.083402342110259 1.0020491013205812
0.627293433842052 2.8662194918156736 1.0012977456686138
0.3573323559442006 2.710207216437844 1.0003036808607406
0.19868036378644632 2.4412942737599033 1.0000795316185553
0.0576713495646069 2.347635411924915 1.0000275968485717
-0.027831515553365882 1.9665867804907504 1.0000042043446538
-0.24598616903326215 1.9007314884055948 1.000000699388314
-0.4647712183284656 1.871139667366456 1.0000001183103775
-0.6080367345282441 1.575076117777141 1.000000000236503
-0.9687754703512255 1.3177059095597177 0.9999999997658388
-1.0450099254189724 1.2013301036209498 0.9999999998973995
-1.4229052986756596 1.0492533874317715 0.9999999999991757
-1.568065400389453 0.6758474468723663 0.9999999999999989
-1.745059256171379 0.3381408539607886 1.0000000000000027
-1.9461859607837924 -0.053389241017948064 1.0
-2.1622055655745864 -0.2223442630066624 1.0
-2.5251526801424156 -0.41026628168398105 1.0
-2.5735786249916917 -0.5662952807078803 1.0
-2.7893269310720177 -0.9442649215769684 1.0
-2.9226891781607813 -1.2419825521174561 1.0
-3.2409836114584865 -1.3082825716697726 1.0
-3.332982919836145 -1.3717382696925042 1.0
-3.61044109497193 -1.5595184044625803 1.0
-3.9602488985163378 -1.9000244800520791 1.0
-4.224515357776599 -2.1445265137961265 1.0
-4.301426892616934 -2.294803474993228 1.0
-4.575889522538699 -2.4737046399194758 1.0
-4.699292093167148 -2.6118855074295166 1.0
-4.776834611398559 -2.8416829125210965 1.0
-4.820605737312613 -3.1960154076502896 1.0
-5.0723431677261495 -3.2333044993249422 1.0
-5.186711881683558 -3.301078187704073 1.0
-5.355145023226689 -3.695148859650573 1.0
-5.425233588884635 -3.9899528072876627 1.0
-5.693262447499026 -4.0748383766716065 1.0
-5.814475496010073 -4.247224195774371 1.0
-6.0747321366453635 -4.459690465941446 1.0
-6.333375580847984 -4.7301754211883695 1.0
-6.7188720406984475 -4.807629627315936 1.0
-6.8343650636269455 -5.020225025865126 1.0
-7.224003638789779 -5.081657875894951 1.0
-7.349293617462144 -5.243249056796808 1.0
-7.742853451915852 -5.299596987667173 1.0
-7.944655920823872 -5.5280329249867615 1.0
-8.123952476180175 -5.918262216791822 1.0
-8.386716043796381 -6.192435175790221 1.0
-8.555228134945725 -6.510704701979491 1.0
-8.584767711843217 -6.6117133493468065 1.0
-8.719640604192673 -6.791668654282082 1.0
-8.77669141229016 -7.057861600075645 1.0
-8.847153760746739 -7.124949356312097 1.0
-9.130173297657763 -7.42774041707215 1.0
-9.147550909335576 -7.7319092765478805 1.0
-9.28043635714054 -8.12624057047356 1.0
-9.359606201895513 -8.138012318114747 1.0
-9.536100701269477 -8.263716742404972 1.0
-9.778905018109231 -8.568869752295768 1.0
-9.916162098761578 -8.789450635498588 1.0
-9.845829927286317 -9.063956637893455 1.0
-9.66518674868376 -9.239958990062162 1.0
-9.304705357381824 -9.6398537224566 1.0
-8.993479762280842 -9.657548845878038 1.0
-8.859589646719682 -9.930597364499256 1.0
-8.752496901839828 -9.955640722116904 1.0
-8.390775831295679 -9.81452120719538 1.0
-8.085363777626252 -9.601970497818064 1.0
-7.749452226471067 -9.460575828340739 1.0
-7.37191681827063 -9.455566240695624 1.0
-7.101587960646463 -9.0870919906709 1.0
-6.917206368161646 -8.780603988887165 1.0
-6.691589361435692 -8.627794789028728 1.0
-6.687587143979704 -8.389160422112505 1.0
-6.32105135694403 -8.088329233542213 1.0
-6.193223509695154 -8.076637810342547 1.0
-6.104114260452887 -7.767348965221762 1.0
-5.997257624366303 -7.675347902463652 1.0
-5.901341605085787 -7.3864229527118725 1.0
-5.875028574766039 -7.143750603744073 1.0
-5.823659006530141 -6.782232395087087 1.0
-5.526588716710352 -6.642756669865558 1.0
-5.311736359355311 -6.4055211142379065 1.0
-4.9373405965711745 -6.30360401441576 1.0
-4.909257533955796 -6.080222793671657 1.0
-4.759914029808978 -6.050386836059617 1.0
-4.735801990387127 -5.678117056578687 1.0
-4.630417071908945 -5.579354632800827 1.0
-4.601561485658351 -5.534263832203069 1.0
-4.508928515124937 -5.3916051372720615 1.0
-4.466833125198928 -5.14133182643395 1.0
-4.322551254835192 -4.80077076141166 1.0
-4.30916644169241 -4.691771583248829 1.0
-4.1645171962509275 -4.467742419403665 1.0
-3.9951973012274165 -4.16058761855058 1.0
-3.639723567414906 -4.0253877902690265 1.0
-3.4375757365744244 -4.013236426805332 1.0
-3.220689324356015 -3.722602763923352 1.0
-2.9249872871342313 -3.457918329346988 1.0
-2.863247173700423 -3.1138856197874403 1.0
-2.8200792570692825 -2.814241301395279 1.0
-2.6033327872100953 -2.42294262352689 1.0
-2.6011332397228615 -2.4159133328370057 1.0
-2.589997437755895 -2.0916218162121663 1.0
-2.45357459517188 -1.8787675779223147 1.0
-2.180253581035247 -1.5637288658924273 1.0
-2.0718771266121543 -1.322040662119387 1.0
-1.9035651619158798 -1.1220040195898238 1.0
-1.5861078188034141 -1.0054094766832058 1.0
-1.272715285097406 -0.970734002765619 1.0
-1.1552617410283283 -0.6118455206982258 0.9999999999999976
-0.9484234562967198 -0.5111352929170891 0.9999999999999557
-0.9466612846991621 -0.4418682939241886 0.9999999999999228
-0.6324432519884644 -0.2667775122056136 0.999999999995429
-0.5220366212007015 -0.06327042666847299 0.9999999999556217
-0.4429479977265346 0.04308407593242673 0.9999999998393999
-0.251465793819186 0.14315262917846805 0.9999999988057247
0.008191559340031573 0.4383284592758717 0.9999999669479692
0.14886674954432155 0.6119071569349268 0.9999998264941999
0.28911937049091424 0.9504646928847199 0.9999986595642432
0.5351355735993366 1.207780963931036 0.9999918639672677
0.6613442229193287 1.28032018079813 0.9999849341608731
0.9423880640103823 1.4397733841498992 0.9999663401699337
0.9454238453765621 1.7759625400830001 1.000148559594459
1.163494539639906 1.9679155027659605 1.0007721458581988
1.4890082757312566 2.147951732372041 1.0010820604235775
1.6632674641522265 2.485616813355974 0.9946499848312103
1.8628779953775494 2.640606108442427 0.9616961022920316
1.919608371233515 2.7809021171774293 0.936925374878695
2.249503887467419 2.924084076570161 0.7361909511450755
2.4884483930076833 3.0576612944610395 0.487070666666507
2.5158291554830337 3.1877327391498844 0.4538478566847074
2.7949368480549968 3.257824529623357 0.18272434698715478
2.902427083299839 3.4253352207332703 0.18730057580527815
3.2848018599249293 3.5921969048946907 0.28751663964940843
3.5399242467458523 3.932600540412336 0.7042088665473696
3.5520582278212207 4.186538863788879 0.8694985528199858
3.8455951187720587 4.211482956576638 0.9290134919093692
4.017269717006592 4.3053627548673505 0.9696013375482243
4.283331984696348 4.419692184383138 0.993635899503306
4.28938670581763 4.653830740631719 0.9993463769333255
4.613773148108594 4.84206140896998 1.0000808753012973
4.7287745347270995 5.003085651948192 0.9999881750791874
4.8432327902875105 5.01827713180522 0.9999358514460553
5.164424198241163 5.061323913848033 0.9999374001175123
5.4252173873109575 5.163842924899056 0.9999740309910821
5.629493916974973 5.546928432941317 0.999996295389653
5.701736493958821 5.593048549998708 0.9999977472466531
5.7912689798999395 5.636019354671467 0.9999987533645898
5.918319854664844 5.819146721578727 0.9999997117310779
6.289346632811297 5.979852006198612 0.9999999849339068
6.631637950693955 6.292901497995177 0.999999999765412
6.68435388459955 6.542593671796879 0.9999999999701465
6.976889950562644 6.771165642372458 0.9999999999994723
6.983788504475043 6.82214488794808 0.9999999999996669
7.0986707648794045 6.907168605144317 0.9999999999999388
7.376636662272523 7.010835763861712 0.9999999999999982
7.498857888671633 7.248752424028125 1.0
7.6992655460868855 7.5540242394544945 1.0
7.743169357019329 7.644879831337563 1.0
8.096715348143526 7.797850679124678 1.0
8.319435366453087 7.919356951476308 1.0
8.360922034233278 8.007662146309116 1.0
8.680299381310151 8.198862495872639 1.0
8.945590985598447 8.210909394441531 1.0
9.056018285338189 8.305055792873556 1.0
9.101411169726527 8.497641307039078 1.0
9.314266691298743 8.762748237050609 1.0
9.570050615605627 9.023073743918754 1.0
9.598367058508908 9.06286556508379 1.0
