7.040080912200672 -10.0 1.0
6.736084800840384 -9.848086566791265 1.0
6.459748109431583 -9.840165644463871 1.0
6.301924383027056 -9.82009753624006 1.0
6.141953968322516 -9.452647102976364 1.0
5.977193623624103 -9.238694652596418 1.0
5.958933465824888 -8.940923407263993 1.0
5.61791065588409 -8.585760558737022 1.0
5.587714425602433 -8.458800413035478 1.0
5.252349597172969 -8.308585331241785 1.0
5.074495934791647 -8.14292758530013 1.0
4.9647734656699605 -7.857057972792835 1.0
4.7013531895343466 -7.5953430769032915 1.0
4.4545872818286245 -7.36585184993264 1.0
4.212070476876301 -7.092324962148678 1.0
4.051577853847204 -7.057430448617745 1.0
3.6740941622900265 -6.703321832991845 1.0
3.3423937684329346 -6.650366753439844 1.0
2.951132101967704 -6.432324506568513 1.0
2.652750421361456 -6.124730111473244 1.0
2.610803471822866 -6.018723452941236 1.0
2.3090194892354625 -5.797149217101385 1.0
1.968964846201539 -5.6304727917620925 1.0
1.9468810058172008 -5.467607797480404 1.0
1.7519039079787848 -5.224251912791041 1.0
1.4185783404306276 -5.093071914017807 1.0
1.4145010402022622 -4.910279563056763 1.0
1.1490225792028759 -4.694683137198415 1.0
0.7617123102516814 -4.518492913530159 1.0
0.5795424561198244 -4.290481698962392 1.0
0.457323818146368 -4.192955422768377 1.0
0.09146976700881526 -4.03944680569954 1.0
-0.257132077071173 -3.717602566631171 1.0
-0.40501282841389913 -3.3600581925032933 1.0
-0.6941240816364478 -3.2737731441955735 1.0
-0.7232533378203667 -3.2225940520209013 1.0
-0.994730162413378 -2.9234068149580605 1.0
-1.3023083503991144 -2.583984573004231 1.0
-1.6423324003984359 -2.3763144447397577 1.0
-1.80471588299868 -2.1122388420626823 1.0
-1.8133087833692292 -1.8105484864235262 1.0
-1.9530493491603147 -1.6092548281977836 1.0
-2.286973157305654 -1.5466139489599477 1.0
-2.4309826975925515 -1.1612077171961088 1.0
-2.7090113916101175 -0.9040685908316031 1.0
-3.0672971525658377 -0.89969161436919 1.0
-3.1473153920711954 -0.6679619970276662 1.0
-3.149116279401272 -0.4193626979941693 1.0
-3.421426012334347 -0.13755856487057327 1.0
-3.498668788784795 -0.04399895230671573 1.0
-3.5517617419410965 0.004121948443476291 1.0
-3.6210476619154823 0.06234763950585514 1.0
-3.7874322573445998 0.0992297590914904 1.0
-3.913759020203739 0.4040760250745679 1.0
-3.9567139696750155 0.768483613602386 1.0
-4.347335852956206 0.8006596438958843 1.0
-4.667199597103615 1.0956797153966966 1.0
-4.904929467810279 1.4586479356873086 1.0
-5.288224392363906 1.5294841078545083 1.0
-5.532585163170921 1.5673894305685163 1.0
-5.801418754485075 1.6921243273526476 1.0
-6.125859200891117 1.8940906559335169 1.0
-6.431140369636296 1.9169444687421422 1.0
-6.687540250785892 2.122501807590015 1.0
-6.990098473440262 2.1230428731641595 1.0
-7.1605014694786835 2.3646029671281883 1.0
-7.22169875359793 2.5003726824194072 1.0
-7.294128120511236 2.5011542267835982 1.0
-7.414509430116273 2.547752931858057 1.0
-7.767340927758002 2.699868331786616 1.0
-8.130777357914774 3.0042115173648947 1.0
-8.390966786955177 3.1442663015287584 1.0
-8.755107569634987 3.4659611198582367 1.0
-8.872096094599582 3.806984501142652 1.0
-9.256260569107578 4.112095494912076 1.0
-9.268110070108088 4.343415891086211 1.0
-9.389518666057143 4.496785783350592 1.0
-9.413261378754617 4.590088687395818 1.0
-9.474225990761255 4.9293551630634065 1.0
-9.791048087407665 5.2521123929782405 1.0
-9.814083605112568 5.281115025664367 1.0
-9.723866581955239 5.680354209366915 1.0
-9.570090684570879 6.0542571001724825 1.0
-9.194767051124872 6.29674811676043 1.0
-9.16162432589199 6.34841318151384 1.0
-8.917784026157701 6.350284278191082 1.0
-8.519345756404071 6.489717816636565 1.0
-8.196350878327635 6.801778439015355 1.0
-7.8779665022825425 7.070339232252119 1.0
-7.867851765332617 7.1674787112148115 1.0
-7.665695283808421 7.308479869611378 1.0
-7.428801799765914 7.624931587758493 1.0
-7.322860725751152 7.904790233934051 1.0
-7.268449149149321 7.924299483801047 1.0
-7.242253678071013 8.06598852149942 1.0
-6.949082645203916 8.179498808427265 1.0
-6.637673415513932 8.215233206332735 1.0
-6.33956576461048 8.561110703249255 1.0
-6.238446038630181 8.636457121809412 1.0
-5.991698832162195 8.802005662972208 1.0
-5.75131149187102 9.031438645789962 1.0
-5.521936210101596 9.382018943033053 1.0
-5.502047150284966 9.428859604419118 1.0
-5.398753656956903 9.804815308284724 1.0
-5.042511464859256 9.80102097768554 1.0
-4.713573519300387 9.75671032476951 1.0
-4.65945021456184 9.579161706563529 1.0
-4.305611232994259 9.465535477942028 1.0
-4.124411008823034 9.35389450298971 1.0
-4.093306704008933 9.024134500372826 1.0
-3.754458179411364 8.670234642276514 1.0
-3.512147451459224 8.662216851841947 1.0
-3.3860708281698186 8.62213383767905 1.0
-3.245677808882385 8.515337885320278 1.0
-3.0746407160886844 8.478553867203923 1.0
-2.8383195406098896 8.280902057125124 1.0
-2.69436493836856 7.911420939270683 1.0
-2.5703040095157155 7.851432349970181 1.0
-2.4030497191252103 7.461797288554707 1.0
-2.2315345718082407 7.246928584660023 1.0
-2.0284072209154305 7.234976654319979 1.0
-2.027560221181872 7.073678731310233 1.0
-1.9018364555451703 6.790674077858384 1.0
-1.6620475151346186 6.601023435309178 1.0
-1.5874322867318764 6.2660382831289905 1.0000000000000002
-1.341187674990739 6.245303318872216 0.999999999999972
-1.0030631377202122 6.011865925597674 0.9999999999952569
-0.911369201470963 5.656541828469899 0.9999999999347065
-0.8817985840191804 5.5111424986822595 0.9999999998451813
-0.847183871951577 5.393333527890369 0.9999999996777862
-0.6507520279480872 5.358873247207519 0.9999999980071395
-0.42741467748485745 5.019918365637362 0.9999999762381396
-0.2855317192831599 4.688100241607839 1.0000000168985435
-0.047079505632545204 4.641526939965095 1.0000002862503437
-0.006964986053006668 4.304028037070097 1.0000050899193356
0.3111274901112602 4.084780100033748 1.0000761573868693
0.7024240189888904 3.811300504185968 1.000996235276161
0.8075422690688439 3.804218139504828 1.0015127069632626
1.0965435334204487 3.6636852242496154 1.0046006147186812
1.2099745850485486 3.4289206182921177 1.0074709724198276
1.472327965471652 3.2057296235268864 1.0060224998407896
1.7036787229242047 2.9296573546580795 0.9843357928045479
1.7108071113876198 2.687354075908495 0.9868286005221895
1.7739973050555897 2.562084312361161 0.9814047561299295
2.0084712822744293 2.1898427628057213 0.9724701563201948
2.1643371671501517 1.9001652011821575 0.9850935839664751
2.5072186332740314 1.880281458749087 0.9665786166219126
2.8728050026157623 1.4912601754210053 1.0046774171734332
2.931293046318184 1.2861744135762783 1.0084026131846353
3.12165574140329 1.0151777776829807 1.0057307903692025
3.5123992323663993 0.8277486934810285 1.0025992652491913
3.739688201898418 0.5889342178335844 1.000710932981757
3.754616302232946 0.3373244771659983 1.0002037279234552
3.7638599859320636 0.3020062808461227 1.0001658629567274
4.083821901265016 0.00809365600991474 1.0000131683243343
4.217687837445265 -0.3315001736993352 1.0000008140326648
4.4670859993719425 -0.37629318389782307 1.000000164509309
4.685449652454143 -0.4821146513258778 1.0000000043632098
5.000896848777806 -0.6997801234475843 0.9999999973214813
5.397810834630112 -0.8102247768384685 0.9999999995566643
5.578141050516787 -1.0018031085000294 0.9999999999620706
5.601260451310102 -1.3743655493343647 0.9999999999995033
5.9774756677685374 -1.5898956099749821 1.000000000000001
6.125661510442211 -1.863672762941548 1.0000000000000004
6.2001022820447185 -2.028434809088495 1.0
6.4162949601704335 -2.055993602835351 1.0
6.532981182869461 -2.240434008132284 1.0
6.784008304528991 -2.474949307782611 1.0
6.969208555041747 -2.79866673049351 1.0
6.974467609589887 -3.0074526641971038 1.0
7.190620264294338 -3.1006943251846923 1.0
7.290055495068414 -3.4727975022542887 1.0
7.439682934607318 -3.8445609939206205 1.0
7.740657944050343 -3.9304577033533867 1.0
7.802386381480955 -3.9730190889778285 1.0
8.177439221838373 -4.201160218738984 1.0
8.416160942641575 -4.359152134725224 1.0
8.601716862375978 -4.37962932088351 1.0
8.831809117420224 -4.490174434702279 1.0
9.164217581508213 -4.562638808720096 1.0
9.321063039768008 -4.594003168585157 1.0
9.503320355233063 -4.927654274285588 1.0
9.656657542757017 -5.169922939541217 1.0
9.939374096844444 -5.400399333699028 1.0
9.675256783103263 -5.455292190395486 1.0
9.629184773772549 -5.769137670754024 1.0
9.414945394859028 -5.909777355555169 1.0
9.36839567197778 -6.164327173882978 1.0
9.002504139851105 -6.4520428540990435 1.0
8.906548676560941 -6.649572643033071 1.0
8.890290584782738 -6.666173627434529 1.0
8.644595086980257 -6.788480733286777 1.0
8.326247188443144 -6.831361999057955 1.0
8.317355103757361 -6.987103321286202 1.0
8.043775349513005 -7.3435514603990955 1.0
7.839265191546314 -7.488145144014569 1.0
7.449947228434332 -7.616797719211901 1.0
7.1538324760258165 -7.636006880486486 1.0
6.887314083109778 -7.800080677540008 1.0
6.556231955158857 -8.166036555930548 1.0
6.430385057905178 -8.34718107673962 1.0
