-1.9180439302744912 10.0 1.0
-1.7556221929614162 9.67622490698531 1.0
-1.6731354949407995 9.600340594696211 1.0
-1.4771649399269187 9.211876189228946 1.0
-1.204410824127354 9.20731826811882 1.0
-0.9935245748931391 9.012937548584931 1.0
-0.7639764778821925 8.646150129671032 1.0
-0.7590382651578548 8.493954672245499 1.0
-0.6281906208135674 8.321867275673453 1.0
-0.43040355044844025 8.284902883701822 1.0
-0.24850487797552678 7.976802398117525 1.0
0.00223287448083731 7.771826141821359 0.9999999999999979
0.29402927499204934 7.564397570037952 0.9999999999997371
0.6410949627012432 7.526227719267129 0.9999999999977773
0.6610435728917803 7.378744715144351 0.9999999999877439
0.7286888347371052 7.1098298283842585 0.9999999997830916
0.8208770168792716 6.844579283373025 0.9999999970686473
1.1381895964805846 6.732798963565389 0.9999999829032673
1.2764454833196623 6.408848673715993 0.9999997947665231
1.5170433024559684 6.143607031203914 0.9999995366859493
1.7338711005683594 6.057472219400589 1.0000044273528383
2.0450366305515306 6.012365140276503 1.0000348412339575
2.21625145550964 5.9844983715418465 1.0000754620080057
2.6037558761407125 5.611727940266939 1.0011274869426596
2.702070705014372 5.540547469848674 1.0017404260519365
2.800181922533928 5.475320697287687 1.0024990372472762
2.815533026464131 5.458204555553055 1.002698933633578
2.868149407949697 5.398089540211635 1.0034778010423218
3.2415334094153434 5.168897173703246 1.0071254626038029
3.3125359876904827 5.111017423436778 1.0076818919565018
3.506071633281393 5.063756655057507 1.006998280750879
3.58734147373405 4.889283998471919 1.006137375439564
3.8786622807165867 4.885019192497859 1.0035355304532527
4.035266877849942 4.713177063482773 1.0000187942277219
4.14169696449856 4.539674295335691 0.9951642584892781
4.488009816141916 4.269886618566467 0.9956469103834447
4.557774633260457 4.178313360785041 0.9963984381569422
4.658255454301237 4.136729404045564 0.9989032959882199
4.674731493284236 4.054469963068211 0.9990463428678397
5.071261047114517 3.7973626308559396 1.004372304842837
5.36447419906013 3.5481760595020826 1.0033761064360274
5.711007439378066 3.187150094968084 1.0011379827592704
6.020748357924048 2.876984681902197 1.0002182609371038
6.1181221897453 2.5170420639407958 1.0000769245596122
6.267658861521366 2.503329876987125 1.0000304621377014
6.299166838672686 2.262122372858309 1.0000137567855825
6.380099469033379 2.1538083261477556 1.000005756379162
6.61442462913574 1.8963618689984973 1.0000003710330303
7.01424601910265 1.7687750142748586 1.0000000068207482
7.3290253244206935 1.4840968870030729 0.9999999999325238
7.715921116415326 1.474546292144646 0.9999999999993284
8.065100055385594 1.0763245474969156 1.0000000000000415
8.341947570991387 0.8904991739094795 1.0000000000000033
8.505672038071367 0.6810739149242903 1.0000000000000004
8.51957381809368 0.6244442787837062 1.0000000000000002
8.899157733099084 0.45687246780754887 1.0
8.906676478223986 0.34683263491157523 1.0
9.121678334226274 -0.008317872649867775 1.0
9.225723678664743 -0.3573671526368946 1.0
9.597862892327525 -0.4483728656198729 1.0
9.952417148813742 -0.8059147485398088 1.0
9.984462088059752 -0.9106218684290339 1.0
9.929477809581037 -1.1769964298077844 1.0
9.690114433424501 -1.3338074096544 1.0
9.417358602155165 -1.607147840303132 1.0
9.238273985915566 -1.9606589324947234 1.0
8.98240850577709 -1.986521599315987 1.0
8.951560490935455 -2.0270277755265953 1.0
8.676397750835998 -2.1198752621983323 1.0
8.444385479785975 -2.179613632460057 1.0
8.392227870833716 -2.511816034615938 1.0
8.303319346861342 -2.825801924753107 1.0
8.298912539055303 -3.028906296600512 1.0
7.952516302835404 -3.2370270025028085 1.0
7.580159640323659 -3.6142073645017447 1.0
7.421115272669797 -3.8363779467017256 1.0
7.216535124951472 -4.006718983059944 1.0
7.113571077370597 -4.226871619496583 1.0
6.739347896669816 -4.37395808424155 1.0
6.513826482021114 -4.483931931017544 1.0
6.324898360461913 -4.625612747103658 1.0
6.274035346367342 -4.9691348623583504 1.0
6.165579588837082 -5.264805975606817 1.0
5.823190732080847 -5.547205458720848 1.0
5.4245107564803225 -5.676008721398146 1.0
5.155499152059495 -5.7295859786798315 1.0
5.127916422467444 -5.870052728108211 1.0
5.097673173495588 -6.050633795419067 1.0
4.949343502697207 -6.43201121235362 1.0
4.583489331412817 -6.631652942666377 1.0
4.467029013501984 -6.671938978754228 1.0
4.157977005033741 -6.928515255495382 1.0
3.8052975610355815 -7.086593414421128 1.0
3.5674660605970563 -7.4155846556214335 1.0
3.2777763651333407 -7.5272940808741255 1.0
2.940427272733164 -7.757022801531076 1.0
2.609468771034346 -8.060020779155614 1.0
2.4025891462038307 -8.381324507459158 1.0
2.2013236920762216 -8.52369885676049 1.0
1.8732085213630747 -8.831108382283164 1.0
1.5898790633910174 -9.16637520853771 1.0
1.532609520631694 -9.53277083129804 1.0
1.2208413895528152 -9.591649634428434 1.0
1.109186473943053 -9.644601084091457 1.0
0.7740914933324128 -9.704293552829311 1.0
0.5819913050892349 -9.922350304077014 1.0
0.42357823039909137 -9.929461872606845 1.0
0.40779437243446937 -9.986950390346315 1.0
0.06387732692937387 -9.780716594681834 1.0
-0.16587994459639419 -9.42392018201738 1.0
-0.439148233683506 -9.421098389630021 1.0
-0.47278550807285924 -9.139889949549392 1.0
-0.8381470306760956 -8.833770252571506 1.0
-0.8987974133183477 -8.639457221042584 1.0
-1.1937511802065712 -8.629216964719758 1.0
-1.3431648755159526 -8.33047034380924 1.0
-1.5152451752525962 -8.21804444852196 1.0
-1.599786160167087 -8.065544453490826 1.0
-1.9189208382559269 -7.858979544189441 1.0
-2.3112862734251927 -7.613972648323816 1.0
-2.6332300275204723 -7.441050288539408 1.0
-2.882003680074148 -7.291250209026675 1.0
-3.115124774560139 -7.201126990643637 1.0
-3.2044735126685375 -6.870378076307871 1.0
-3.3749093171250104 -6.807374469979964 1.0
-3.3826325410682623 -6.479653435409181 1.0
-3.66251914973299 -6.089629725927342 1.0
-3.9487651227394474 -5.730791581598025 1.0
-4.271389348538895 -5.644276914012372 1.0
-4.4951594928529275 -5.293952108947674 1.0
-4.691977891645036 -5.0588428347936905 1.0
-4.900550276458702 -5.01756619236284 1.0
-5.220568893822654 -4.665281299595997 1.0
-5.3506856734756605 -4.555778420839879 1.0
-5.725196941588743 -4.4157536366785735 1.0
-6.056776887922602 -4.389827524819522 1.0
-6.114405471517246 -4.3556451014004205 1.0
-6.290162402371482 -3.986794858559206 1.0
-6.471080520378617 -3.7205834505239883 1.0
-6.8012512572877375 -3.704847545041092 1.0
-7.127785898507026 -3.582345989554794 1.0
-7.200697118191795 -3.20339548390421 1.0
-7.496866445067305 -2.8877552618526203 1.0
-7.775798917707572 -2.8244668740874257 1.0
-8.153083183578644 -2.5499712277397024 1.0
-8.420323976709552 -2.153086581825113 1.0
-8.423697610498357 -1.8379890332405067 1.0
-8.796306102900806 -1.8145148548594876 1.0
-8.895731756988754 -1.7426467768216838 1.0
-9.246883616734209 -1.3998708935372566 1.0
-9.32759655927457 -1.351036306109243 1.0
-9.464911469991389 -1.1039265341628424 1.0
-9.577403170517444 -0.8108928938388665 1.0
-9.617906648256627 -0.48470971066813245 1.0
-9.658050194944162 -0.2873159346361011 1.0
-9.860867499266634 0.010994142830345777 1.0
-9.77538583882136 0.3189571277431611 1.0
-9.74035456647144 0.39411303819479676 1.0
-9.582338205371887 0.7345374496565718 1.0
-9.376158743656463 0.91296573516808 1.0
-9.048150745026087 1.1163883181754932 1.0
-8.865351341141235 1.1171504066631237 1.0
-8.822422814657669 1.3984504452339406 1.0
-8.725326118048407 1.6378260966679896 1.0
-8.720470201913258 1.984248770241282 1.0
-8.651476866093848 2.3141515869795235 1.0
-8.265357872824625 2.3655017092740884 1.0
-8.050131591418271 2.4346354042961273 1.0
-7.84158846155428 2.828321095456407 1.0
-7.792222477925678 2.8675464137753917 1.0
-7.552501886531352 2.9190648001429564 1.0
-7.542674489205247 3.2513359874875283 1.0
-7.196757187866922 3.5062837583937507 1.0
-7.148107528243268 3.7292308546815294 1.0
-6.879926571309758 3.8184913966869596 1.0
-6.707903417010835 3.8667699977061902 1.0
-6.330234774704868 3.8846757189284853 1.0
-5.985988454740833 4.112079445552248 1.0
-5.867823480636478 4.280573106257773 1.0
-5.617826233490866 4.571105551578622 1.0
-5.459610946889725 4.9137275388586055 1.0
-5.204102289621983 5.098860397933449 1.0
-5.051851153246533 5.489270267937057 1.0
-4.734413569652626 5.677972182938974 1.0
-4.48487476526349 5.811172336690771 1.0
-4.125950264977105 5.892479043168434 1.0
-3.834215878113971 6.1154458155403875 1.0
-3.6686762993121205 6.13285631330208 1.0
-3.6643938915056737 6.527399754682541 1.0
-3.314876866180701 6.912725565965795 1.0
-3.301029063182279 7.20959272179336 1.0
-2.9121476261436987 7.463557646324154 1.0
-2.8987232574486574 7.545566377251623 1.0
-2.52994993610947 7.72595272628209 1.0
-2.481234062704003 8.111793113777379 1.0
-2.245749992215284 8.499757105056657 1.0
-2.1319108394771438 8.751525641349854 1.0
-2.012497106553358 8.77535926473983 1.0
-1.991145502730272 8.904397481386594 1.0
-1.599777446433058 9.069997299695709 1.0
-1.3487187540845924 9.189690888205163 1.0
