0.5326419750245552 10.0 1.0
0.5311334657325322 9.780394529908365 1.0
0.4913833098833547 9.719107354675655 1.0
0.2493491827454341 9.485877415474356 1.0
0.20241930889951387 9.129021638777605 1.0
0.1210102658833061 8.876057320637639 1.0
-0.2624895174000772 8.57688273855463 1.0
-0.5243455658250211 8.473863323089802 1.0
-0.5317720644500142 8.115467193755258 1.0
-0.8184029853295518 7.858849110697332 1.0
-1.2021250487379107 7.744470906994399 1.0
-1.5529702606583402 7.390804674267059 1.0
-1.7054411793724265 7.167336225692551 1.0
-2.0028251472300576 6.770774954879167 1.0
-2.2363553266492078 6.650994686789231 1.0
-2.4286219498402115 6.489051262341242 1.0
-2.447318673613098 6.273528145123379 1.0
-2.527133454692498 5.875692545235994 1.0
-2.5515336655365117 5.672851837069401 1.0
-2.808039982003032 5.3530936689224236 1.0
-2.920786665276591 5.143092233003641 1.0
-3.314197376064578 4.967046329590173 1.0
-3.6502004324886737 4.739370515186001 1.0
-3.6908169003271527 4.717635959484308 1.0
-3.710195499372189 4.521209468895275 1.0
-3.773272127965309 4.19918402007681 1.0
-4.042496917488637 4.16475713764402 1.0
-4.428311450537593 3.964280063228129 1.0
-4.506852358091686 3.879464816820944 1.0
-4.574299460618543 3.6257517114026725 1.0
-4.773237554883803 3.2507702625158794 1.0
-5.147736570109707 3.177193101000733 1.0
-5.505717015536334 3.071718599831548 1.0
-5.700713382983024 2.7224136171845053 1.0
-5.923800463399254 2.598304133457984 1.0
-6.132144789758923 2.5318785974996283 1.0
-6.480089803498782 2.140635563315745 1.0
-6.599598516777 2.0648925492389356 1.0
-6.784246639008355 2.059815294764282 1.0
-7.1532838825768 1.68492272289345 1.0
-7.257827004383122 1.6536800768582587 1.0
-7.304298645281443 1.427077220272053 1.0
-7.347327828476974 1.0582761595370345 1.0
-7.610545326930299 0.9263367033052262 1.0
-7.6788687745629876 0.5411362749105236 1.0
-7.860823257219845 0.2576925073205773 1.0
-8.132293347301585 -0.00791116334055808 1.0
-8.185478291267845 -0.2501335674031461 1.0
-8.270114892678157 -0.5975383686572748 1.0
-8.645649643589277 -0.6122213145740798 1.0
-8.702655906551623 -0.9608569991385563 1.0
-8.977591687018787 -1.2096096043413622 1.0
-9.229933180800987 -1.3589675144225035 1.0
-9.418768101312683 -1.4850241471016554 1.0
-9.798326600018823 -1.7330486285976492 1.0
-9.856582914912135 -1.8287229505500748 1.0
-9.529163855756039 -2.218909736707574 1.0
-9.387931813031566 -2.295640543116568 1.0
-9.041220644466156 -2.6504537406248905 1.0
-8.682944882431551 -2.8016773883790553 1.0
-8.574889267484853 -3.0855530989902857 1.0
-8.390586576593432 -3.1606767754066434 1.0
-8.329845176029712 -3.214429044649338 1.0
-8.053322074330875 -3.3693594415072554 1.0
-7.925563613345521 -3.3817419815566234 1.0
-7.568997831999326 -3.7502445845655714 1.0
-7.374536102521113 -3.894250543330976 1.0
-7.062289607362257 -4.147376270860045 1.0
-6.97922333618085 -4.321077392238675 1.0
-6.709137569273793 -4.561495371573367 1.0
-6.556698769245543 -4.648331839377043 1.0
-6.550337118438818 -4.835149703811182 1.0
-6.427920502005991 -5.049082385681716 1.0
-6.247421913495203 -5.0791188656504 1.0
-5.853271501146082 -5.098446931896871 1.0
-5.850162053444885 -5.494445427840436 1.0
-5.627428760385052 -5.726873806523176 1.0
-5.535405648597078 -6.114310080114201 1.0
-5.339761971440266 -6.4875238605893975 1.0
-5.116616103894361 -6.591966278210475 1.0
-4.936320299194501 -6.841031948586171 1.0
-4.687300005122044 -7.11995850875976 1.0
-4.461043450340644 -7.157825607932189 1.0
-4.224582366695076 -7.506888286686828 1.0
-4.182128709658684 -7.829609318089457 1.0
-4.116465921875005 -7.98606345241978 1.0
-3.8995005283918 -8.092584679692214 1.0
-3.7628103681875693 -8.110468736210347 1.0
-3.656062557867784 -8.320470107318846 1.0
-3.4107852100035476 -8.325629409785412 1.0
-3.3138641916126725 -8.670407782309095 1.0
-2.9954863688325273 -8.93110487606624 1.0
-2.881484500246175 -9.08440167647171 1.0
-2.740561891105714 -9.167545356020026 1.0
-2.4658262294754785 -9.18801694836698 1.0
-2.2070663659455825 -9.524472285600384 1.0
-2.045120827657161 -9.611689473727186 1.0
-1.9363561101397426 -9.879201955936596 1.0
-1.8952726254811332 -9.913143602652735 1.0
-1.7896490162073022 -9.974621844451827 1.0
-1.4237162627597766 -9.772903204997043 1.0
-1.11790296234994 -9.752149524892227 1.0
-0.7487259521543903 -9.564358101403823 1.0
-0.5759159271982891 -9.441835893941445 1.0
-0.18259884072815458 -9.135559196048193 1.0
0.10098144641431567 -8.844042612563227 1.0
0.39066352110809055 -8.508862233632621 1.0
0.7355834284615429 -8.490079896627755 1.0
0.8336302552984738 -8.371793760077905 1.0
1.0628543706838292 -8.007941444751854 1.0
1.1794881056541267 -7.762219905744928 1.0
1.4722747608334668 -7.465332611059317 1.0
1.6543170867768988 -7.12411187043161 1.0
1.660058816826226 -6.755133133381082 1.0
1.7609744464991743 -6.427089644107558 1.0
2.062252645086674 -6.1841397755140015 1.0
2.372170727776811 -6.038995002176986 1.0
2.6149417308712755 -5.765362717063527 1.0
3.002807094184013 -5.5172827257311745 1.0
3.21379758793928 -5.221547028081886 1.0
3.41740957424513 -5.217026002335965 1.0
3.646975510218468 -4.957956842997029 1.0
3.9025438552103817 -4.775807305536169 1.0
3.9779389224135087 -4.630794667868172 1.0
4.121423289249562 -4.303710757764808 1.0
4.383130535589208 -3.998932231846575 1.0
4.6935331344834195 -3.655044681931496 1.0
4.928536427175792 -3.2759013739806884 1.0
5.13098565821276 -3.262305089813668 1.0
5.324096516909177 -3.1713350420097037 1.0
5.5404935641216735 -3.047241520388021 1.0
5.75060321404068 -3.0012582126704945 1.0
5.790303402116468 -2.663705625551494 1.0
5.835200013648307 -2.6298072588826353 1.0
6.0701658051692915 -2.347251510750576 1.0
6.383842420232525 -2.1561039235270227 1.0
6.764436152092781 -2.122213113989528 1.0
6.987116123910808 -1.7541260889923818 1.0
7.138696978435042 -1.6232099954069925 1.0
7.524620676088345 -1.2855025235922826 1.0
7.7338727296806455 -0.899726845260819 1.0
7.927721706714237 -0.8102126282220121 1.0
7.993667594042696 -0.6645753456205423 1.0
8.145850620486518 -0.4931944592729418 1.0
8.346298901333281 -0.09467879373966154 1.0
8.522688016452326 -0.0208557249484876 1.0
8.544921413006891 0.12927954617035659 1.0
8.75050548627996 0.524557737972888 1.0
8.967841782188279 0.7742340322165366 1.0
9.058660266903711 1.1578527517256132 1.0
9.4146081471131 1.2629918235955586 1.0
9.730738097495097 1.2812580676970318 1.0
9.732325951329022 1.385710296131193 1.0
9.859121846760305 1.6646252159403794 1.0
9.806900634217941 1.91096594352009 1.0
9.539172832603818 2.151979003656099 1.0
9.25667342034971 2.43733961461723 1.0
9.080709208604485 2.78213206626953 0.9999999999999997
8.716312435187685 2.9905297814617158 0.9999999999999766
8.59157657809827 2.994305455657371 0.999999999999918
8.559945396314372 3.079623762026677 0.9999999999998853
8.27735378112381 3.32995579663195 0.9999999999986338
7.9247712751107136 3.4043062738237535 0.9999999999926152
7.795181737449754 3.764299989656643 1.000000000012747
7.7056408419662485 3.977465249175988 1.0000000000442655
7.342067595584816 4.1303493473481385 1.0000000022026114
7.261861541262982 4.5198668209405914 1.0000000006771264
7.128792425100365 4.6596178182528565 1.0000000004353027
6.837617580117806 5.020314620704235 0.9999999911798858
6.48826196171303 5.282052612913237 0.999999926083837
6.10459818652812 5.560982792373119 0.9999996739111623
5.9458265578077425 5.828150741016997 0.999999760964185
5.829347986368385 6.108417900278549 0.999999902961455
5.432001565278305 6.48367100787776 0.9999999520249208
5.423492945536651 6.591041784065958 0.9999999768346177
5.220143739167263 6.7868288740668605 0.9999999904029144
5.027353875910121 6.848855643874238 0.9999999919782409
4.897981657960438 6.954370054532621 0.9999999967888467
4.581536573333094 6.9754448400949105 1.0000000052239149
4.307459936854689 7.001459043782668 1.000000025794533
4.231883526868884 7.201314955279344 1.0000000059462912
3.8871371308474556 7.405889839586592 1.000000002312855
3.765686874701933 7.616051070500774 1.000000000261554
3.6003763865655105 7.984728790804693 0.99999999999384
3.3662956311751793 8.119785854946933 0.9999999999957967
3.0057855551327224 8.426133255290285 0.999999999999608
2.7742023246003265 8.45698613069888 0.9999999999997519
2.5988000086400675 8.575754799044466 0.9999999999999369
2.330365124426831 8.642623442212848 0.9999999999999818
2.099956808062996 8.740831913359262 0.9999999999999968
1.926911225711119 8.767380942737768 0.9999999999999989
1.8612827197554171 8.770804814501197 0.9999999999999992
1.5764755775187096 8.88966724442362 1.0
1.182311447238507 9.126043712156669 1.0
1.1092561787908655 9.312857024989905 1.0
1.0465569992475188 9.581071814412017 1.0
0.991413207858353 9.831359189453261 1.0
0.7828002507103248 9.94951410871499 1.0
0.4047037214881431 9.666175067821449 1.0
0.19829498124478265 9.500370568635779 1.0
-0.08977284971182145 9.498948438187718 1.0
