10.0 -2.759647102355954 1.0
9.655786992471333 -2.484447047693108 1.0
9.440122988602567 -2.142977708276421 1.0
9.242271360176156 -1.8720063035110197 1.0
8.906621928644006 -1.5198795977791435 1.0
8.606570504291398 -1.5122980252059623 1.0
8.422289637521493 -1.2545347012327794 1.0
8.216692456406902 -1.047250830778601 1.0
7.881046818284398 -1.0116900435902791 1.0
7.773008258162333 -0.7649085310381343 1.0
7.560322506524697 -0.4208541674944938 0.9999999999999973
7.17460047316267 -0.4134429340518797 0.9999999999998388
6.873123922835983 -0.36280231278861874 0.9999999999967669
6.588316412148041 -0.17342479436612046 0.9999999998901222
6.327763736730561 -0.1130757892751725 0.9999999990282801
6.057427285519044 0.27023572105073834 0.9999999499103768
5.757133650810144 0.5236445716237248 0.9999991549208695
5.639699617708939 0.7227135939673308 0.9999966357656498
5.535052804714274 1.074747958735868 0.9999841698802383
5.166809266341337 1.1455708069462556 0.9999442397970274
4.889577912149798 1.4078112905681444 0.9999333299871607
4.543371242030222 1.59695657576824 0.9999432599040904
4.327239261390552 1.6713498381468672 0.9989353324955232
4.029420023510475 2.0262669819526664 0.9636195401405437
3.7729625672335696 2.082855975843081 0.9134570281867502
3.74995532487806 2.089396333012631 0.9071542455518734
3.682951194406853 2.3272432710713087 0.7739321272359247
3.3241672475233774 2.568315202918928 0.4247450200437939
3.277036935937129 2.9218063962001053 0.09534525943140992
2.980172681375412 3.253343801514103 0.05624351223137103
2.7379593754275118 3.2663315418129213 0.23666073541013866
2.593531092547619 3.3031544160229727 0.392224297863486
2.5127050023089 3.6540478675881856 0.6350331859034689
2.134463411121726 3.961232908892666 0.9324544226372363
2.100426805864264 4.095697347036233 0.9602326373630123
1.8045714613903974 4.103256809738712 0.9912025031445755
1.497573355263258 4.2301184658852575 1.000695313993424
1.2639483224645292 4.442606410016873 1.0004361044008492
0.9686837585929114 4.685388917954463 1.0000125554067671
0.5688815539453839 4.75601519380528 0.9999963798450318
0.39585061912639585 5.03975267461211 0.999995701328463
0.13388136750310264 5.433187201752609 0.999999596165457
-0.09388220417782142 5.436269168755148 0.9999999031684241
-0.22548509142475096 5.628061717443004 0.9999999809718745
-0.2409368129909912 5.9543651556574995 0.9999999963828154
-0.5455043238328117 6.120289073078252 0.9999999998525385
-0.6284810627907682 6.460244389279472 0.9999999999911863
-0.673336570827431 6.5083967106277285 0.99999999999565
-0.9621977695531658 6.671415920982086 0.9999999999999004
-1.0021045818699579 6.776070807603592 0.9999999999999696
-1.2530303100853084 6.803438688257636 0.9999999999999983
-1.362386346752325 7.0249564021534185 0.9999999999999999
-1.7215333635806633 7.0443482321632205 1.0
-1.8366042269964529 7.0763874628631855 1.0
-1.9508803392350043 7.249130808865573 1.0
-2.1497414289393455 7.335498804375381 1.0
-2.437283119980965 7.488040830034693 1.0
-2.7025365100368868 7.809242796506929 1.0
-2.8465651334048023 7.843519537247711 1.0
-2.876807520307368 7.8999362257424615 1.0
-3.208895356117017 8.15596574025841 1.0
-3.581839680701011 8.383096812211361 1.0
-3.595238657200546 8.493634268587881 1.0
-3.750833929126377 8.847493634886641 1.0
-3.943907088414248 8.991493056847736 1.0
-4.062258397604705 9.25153210281288 1.0
-4.068706983780655 9.392956947834037 1.0
-4.177570856856434 9.55832165868469 1.0
-4.306568416407332 9.762034297607885 1.0
-4.479187498622362 9.877033189425298 1.0
-4.777216320115462 9.963427946591757 1.0
-5.085761640250088 9.614556872442634 1.0
-5.255396765247016 9.409034514405002 1.0
-5.640805980111157 9.237117448634512 1.0
-6.022407179772099 9.206089257898872 1.0
-6.040442769669411 9.050837907086844 1.0
-6.193195962841436 8.6914784589402 1.0
-6.311598630191846 8.411572675446443 1.0
-6.53309469378828 8.1865942277405 1.0
-6.698274146916567 8.057685806319542 1.0
-6.909325384571979 7.85089668078713 1.0
-7.285613126814879 7.810779422770748 1.0
-7.291785381469781 7.560376471456414 1.0
-7.614372396519724 7.309012679881698 1.0
-7.850254351305664 7.071311292154637 1.0
-8.137050210640558 6.970208883749622 1.0
-8.416090450092303 6.8703104169903915 1.0
-8.466369828814967 6.778408495065142 1.0
-8.610686901326611 6.757710752266571 1.0
-8.792034568559638 6.67695439291363 1.0
-9.115445773420381 6.537925869863471 1.0
-9.217671616377629 6.308593231192153 1.0
-9.293791985749209 5.972356492492818 1.0
-9.321664041794689 5.943443027865056 1.0
-9.699798738164649 5.762946255104943 1.0
-9.998134036394749 5.45401192372499 1.0
-9.854675493009903 5.352411154773065 1.0
-9.787314987103144 5.307756923586173 1.0
-9.62682786097625 5.125583999405504 1.0
-9.463363685358694 4.726943799944529 1.0
-9.177327868416391 4.55019710790312 1.0
-8.971608648928685 4.187810531998627 1.0
-8.698734806845758 3.8797769417194865 1.0
-8.563731364499265 3.8712467084164746 1.0
-8.18388697633227 3.6311440123312266 1.0
-8.171405267665607 3.310379913648168 1.0
-7.801498114551565 3.1192990603057034 1.0
-7.760890772847274 3.081607740759433 1.0
-7.504180121608587 2.858233743945341 1.0
-7.4262359364458765 2.529730038399743 1.0
-7.363813122672621 2.392429330486801 1.0
-7.316187046810301 2.1799212723339645 1.0
-6.9856048359169876 1.885501480840159 1.0
-6.605318550680964 1.6443363017852595 1.0
-6.370321053018794 1.3346121477068298 1.0
-6.184515872998845 1.0541654818582193 1.0
-5.949027124124021 0.7769014339768952 1.0
-5.734787458113135 0.7139462940524748 1.0
-5.581257739739522 0.6822930264175968 1.0
-5.336443729798844 0.5588983923537028 1.0
-5.260828128504559 0.26059588025202074 1.0
-4.927961175642103 0.07297797547193663 1.0
-4.688514368183061 -0.17513683807585922 1.0
-4.340348607701444 -0.22975533912146132 1.0
-4.1225639786924475 -0.37752388048233987 1.0
-4.068550436052172 -0.46999972237216897 1.0
-3.981450143908547 -0.754603687041043 1.0
-3.7763584951241556 -1.0180059532382315 1.0
-3.723453690168311 -1.1635262386910874 1.0
-3.5404589390580017 -1.2632077747961956 1.0
-3.339546707479284 -1.4053882076503441 1.0
-2.9976150247703472 -1.476817243447484 1.0
-2.7446600272629476 -1.4770287773402024 1.0
-2.4415792029732737 -1.5957732107167206 1.0
-2.412744047615164 -1.6637530027136103 1.0
-2.0981395514287526 -1.8287212609925032 1.0
-1.7480780375728162 -2.0796302133025315 1.0
-1.462735786180944 -2.2640245996588817 1.0
-1.2940479837012726 -2.3042268073932775 1.0
-1.0903291477158001 -2.5711580022407197 1.0
-0.7260962920440213 -2.751376083799443 1.0
-0.3566782767582367 -2.8552206794159845 1.0
-0.03274878452485658 -3.161861982093916 1.0
0.16114036426072526 -3.1747189627291745 1.0
0.26745454675651653 -3.3626995445078505 1.0
0.53422367851599 -3.390216040652654 1.0
0.8196590722587103 -3.6060315049648413 1.0
1.1584767733184536 -3.7009234301178595 1.0
1.4412008365808835 -4.015528790223971 1.0
1.67918086960667 -4.2728177934051095 1.0
1.7950161419273591 -4.552582108877915 1.0
2.108722016302799 -4.590406519095914 1.0
2.137257875724114 -4.893502377727796 1.0
2.5329282400418878 -5.199837143132974 1.0
2.7459064727290223 -5.307409735096443 1.0
3.0024635324044904 -5.578647742389988 1.0
3.397929962726829 -5.867484005884318 1.0
3.5825095299435628 -5.992089735152294 1.0
3.611595474765035 -6.140773909195489 1.0
3.911529056315989 -6.402619108440047 1.0
4.132863569588946 -6.508818023126018 1.0
4.223250420932407 -6.612848712426774 1.0
4.545407230845028 -6.697917285396511 1.0
4.640137548312083 -6.86798161681915 1.0
4.7476888712133976 -6.9690171542089745 1.0
4.876517873774706 -7.14650436882998 1.0
5.192701524302573 -7.157806860009722 1.0
5.320228862948083 -7.552709051996722 1.0
5.651434755055158 -7.5908238022550325 1.0
5.818113315831464 -7.616434294612995 1.0
5.864860665511419 -7.8580632277382865 1.0
6.197944900095723 -8.129267957884007 1.0
6.4162525784677085 -8.52183633098689 1.0
6.442397396930889 -8.627337967157056 1.0
6.710946339378707 -8.710394312433598 1.0
6.7144847723961565 -8.793732818372161 1.0
6.919233590037293 -8.808141846522503 1.0
7.143493771980493 -8.923539659345026 1.0
7.144936532644478 -8.937099936556281 1.0
7.4408067606035795 -9.196465182691732 1.0
7.752355426379576 -9.45164669532223 1.0
8.051169859349017 -9.461013582309635 1.0
8.342702823799828 -9.665463669314043 1.0
8.681899678256924 -9.775235748324272 1.0
8.742842720829664 -9.921046229878913 1.0
8.915241977641353 -9.702864877587393 1.0
8.979138089423863 -9.676901650045199 1.0
9.022596230329833 -9.50208169337095 1.0
9.182476938408193 -9.387374789822669 1.0
9.28860261115244 -9.091587821939186 1.0
9.332094791473889 -9.016438319076073 1.0
9.343151122338162 -8.671865609496681 1.0
9.720640700923427 -8.436669825602506 1.0
9.815217532399927 -8.347299609910344 1.0
9.836044108876512 -7.98219166849129 1.0
9.910943425968158 -7.966522393833636 1.0
9.767868318239401 -7.675194642074085 1.0
9.714309708445892 -7.601343711357618 1.0
9.675384123770371 -7.586705092622905 1.0
9.364182282079899 -7.337803482370661 1.0
9.272968766178142 -7.086666622638543 1.0
