5.714705007022992 -10.0 1.0
5.318732797422818 -9.901255131216512 1.0
5.0788101679266555 -9.595365865355785 1.0
4.716167902321034 -9.488937158929815 1.0
4.332763045004159 -9.096527436477308 1.0
4.275584845011262 -8.796732439974047 1.0
3.8999878441019655 -8.524444023615358 1.0
3.67444578374258 -8.241064059899378 1.0
3.5331512231675024 -7.86739914877709 1.0
3.4333532810222382 -7.660080200777261 1.0
3.2289790056400918 -7.362788574899524 1.0
2.8889058734194855 -6.994084934340091 1.0
2.5092114613582215 -6.988344320292003 1.0
2.363523793532856 -6.941426414986277 1.0
2.1454186569886255 -6.690339104887409 1.0
2.038079048876719 -6.437980080712614 1.0
1.8145525182101074 -6.2751192849298905 1.0
1.445053722182511 -6.0942776353521575 1.0
1.1304863009914972 -5.75708695222315 1.0
0.8485586764875225 -5.565714383779922 1.0
0.579384910928332 -5.265992866315728 1.0
0.437872122559967 -5.0031181088924 1.0
0.06856115046084732 -4.744112052828106 1.0
-0.19179671917457564 -4.608281979197196 1.0
-0.5454968694457137 -4.384552494590358 1.0
-0.7888488323252172 -4.276852102934677 1.0
-1.078992923916172 -4.250594830392279 1.0
-1.0971882649033875 -4.124217144939896 1.0
-1.1921822641599764 -3.747577175293626 1.0
-1.425311057856665 -3.5337730103067226 1.0
-1.7811351741246573 -3.3684242009667784 1.0
-2.1035139577938047 -3.2161300052568174 1.0
-2.3579105043679722 -3.176473274830378 1.0
-2.594506735958721 -2.7974928373802475 1.0
-2.935021346938941 -2.3997728135026892 1.0
-3.0803538205002394 -2.0405757508334674 1.0
-3.3537321450033852 -1.8645195015494125 1.0
-3.494593565850697 -1.717015722169509 1.0
-3.520165146112175 -1.3667606305797404 1.0
-3.8275877453836253 -1.1713157974985777 1.0
-4.063413632087704 -1.0459168507972918 1.0
-4.1306391017199005 -0.9178889705221628 1.0
-4.33086050265412 -0.5560778525196578 1.0
-4.405181442188071 -0.16977962050044892 1.0
-4.412682936133834 0.09361017798965315 1.0
-4.512394582501604 0.21488470309516172 1.0
-4.665087346346425 0.36481155534153986 1.0
-5.000925606330678 0.4897142024866802 1.0
-5.005163600810986 0.5311650430926057 1.0
-5.1510081796023846 0.6277401909562057 1.0
-5.3043734216086325 0.6295148238360593 1.0
-5.597163347867666 0.9986691421116585 1.0
-5.737595052710462 1.1187372906179291 1.0
-5.84383795543749 1.2750646271820452 1.0
-6.175334940143172 1.328482599070931 1.0
-6.45379117200513 1.5619954834283747 1.0
-6.46318669814267 1.7719711125490356 1.0
-6.692774638363916 1.8994000938358337 1.0
-6.939868653146922 2.020837397264825 1.0
-7.181068629634909 2.3856600466523865 1.0
-7.428203614993287 2.720898393110338 1.0
-7.457734376680961 3.039650769989928 1.0
-7.8172179188919815 3.2906371476720637 1.0
-8.132021715118515 3.381842370037701 1.0
-8.46313132179675 3.514140038291101 1.0
-8.703231679539153 3.7978609595456 1.0
-8.99738569212125 4.0422028187225685 1.0
-9.000475297623918 4.075288684715961 1.0
-9.166017388282825 4.174329570852228 1.0
-9.552192541467631 4.301380372211372 1.0
-9.661616699068391 4.435388919571275 1.0
-9.866999622446201 4.800805095997523 1.0
-9.971837582082246 4.80876279106548 1.0
-9.782581855933376 5.0034830839207 1.0
-9.718078164252292 5.067925877587432 1.0
-9.70869384237271 5.288081422607414 1.0
-9.542015948462167 5.485527550514488 1.0
-9.16264088537501 5.7717565475560075 1.0
-9.07213281759519 5.918213113220847 1.0
-8.794122218486173 6.13628702733057 1.0
-8.707776643532553 6.491617456529623 1.0
-8.500889514198688 6.519827178048659 1.0
-8.234899586575288 6.6681918599004035 1.0
-8.078131329053758 6.887130158525919 1.0
-7.714278053895799 6.995783399055254 1.0
-7.512212293391366 7.144238706329402 1.0
-7.413662791883956 7.332176412752468 1.0
-7.085441161034338 7.411322048998168 1.0
-6.9300133205653704 7.645126854053332 1.0
-6.842306394606423 7.734549929948184 1.0
-6.7282196021041045 7.8237729188007865 1.0
-6.588101347139257 7.929637317950147 1.0
-6.2271818122328595 8.130688890445805 1.0
-6.023063320176856 8.430968146666274 1.0
-5.867805618280551 8.799264576651115 1.0
-5.634071616299721 9.19601203817484 1.0
-5.275375434585841 9.46353867320849 1.0
-5.146589307012727 9.510084662842468 1.0
-5.055892456769995 9.822092006096 1.0
-4.656892053748496 9.823629126419743 1.0
-4.517306795847215 9.79088446192827 1.0
-4.193704108042839 9.714471126045995 1.0
-3.8571346336822927 9.40069213033916 1.0
-3.7741579279038513 9.236875384135091 1.0
-3.6827317089387495 8.966171629722995 1.0
-3.396508117517101 8.583392777911566 1.0
-3.304493222142182 8.452865422506516 1.0
-3.0262640613151888 8.328470293327571 1.0
-2.640468306059877 8.17583368539768 1.0
-2.25835764806799 7.975756499633833 1.0
-2.1683134864041476 7.950996039635688 1.0
-2.1506334304014207 7.729649048705209 1.0
-2.1321650275961863 7.655175320323024 1.0
-1.898338128220904 7.380213063278804 1.0
-1.5328839064938387 7.124292133209942 1.0
-1.5303949822311373 7.09448103500964 1.0
-1.4752200612208137 7.091400055969547 1.0
-1.2310752359367703 6.741495673234714 0.9999999999999966
-1.1897540140343605 6.656461425550023 0.9999999999999893
-0.8002254653931082 6.318276254817905 0.9999999999948472
-0.666004316338108 6.16294222001861 0.99999999995718
-0.5364735869337467 6.064177170601459 0.999999999781718
-0.3008381748379324 5.707452118058149 0.9999999920944993
-0.03582006557953682 5.326864325395006 0.9999997995565324
0.14170955378338584 5.202772021589229 0.9999991774097067
0.1822769717971385 4.94936038613339 0.9999986172984948
0.27191715174149295 4.726696163947225 0.9999997037471428
0.3027933103170085 4.459304529701184 1.0000133174343324
0.46445983405781466 4.194169821954456 1.000112848954062
0.8103377381785423 3.8337350673744455 1.0014337293393385
0.829775342369924 3.5632259922829044 1.0024616879226922
0.8601310675228484 3.2603355306168766 1.0035054876240523
0.9605476790174717 3.2012155990527145 1.0048974735445027
1.2166603481473592 3.0941850458127234 1.0084990535152292
1.6090835537926997 3.0717858360106636 0.9963709300577115
1.6486077590745702 2.8926234098818235 0.9923785163408466
1.7390760971012706 2.629989881540559 0.9842773393554592
2.1036388707618645 2.574879263967364 0.8941583948393973
2.4337511125597864 2.3078087155915523 0.8456231514799967
2.7849015894158224 1.9726165430224019 0.9177137464511019
3.156673524995564 1.8102320439627269 0.9597202237141886
3.4376350667073985 1.6875301648808767 0.9876801786739097
3.6765551679909882 1.2978801241892108 1.0058169193954167
3.754116845289135 1.027565945500361 1.003329803160109
4.008249662312628 0.880952221463319 1.0011728534110902
4.24328685450125 0.6292531568757775 1.000197044947867
4.413746204393416 0.46605965136500893 1.0000405469857025
4.812778531659427 0.16501969430304464 0.9999991404907148
4.874381328254884 -0.1427571565388584 0.9999998361506565
4.900760246720025 -0.34378936425417794 0.9999999576847187
5.113676073084225 -0.709818503584743 0.9999999978091623
5.297944115362276 -0.8601499660550489 0.9999999996173952
5.6441758535291875 -1.1507140739374508 0.9999999999937815
6.041354849165186 -1.455025749022583 0.9999999999999833
6.056421191826222 -1.7439949984222203 1.0000000000000016
6.365967786275134 -2.0023783862927766 1.0
6.6887097551894135 -2.101697835083133 1.0
6.693123078933014 -2.4327110863685535 1.0
6.937623605943243 -2.7291636345831436 1.0
7.24070220520101 -2.933140286997016 1.0
7.616390300990207 -3.012062037113937 1.0
7.684413248880177 -3.1023277639798756 1.0
7.766022479187943 -3.2080074639576126 1.0
8.007172994222046 -3.5334732020542314 1.0
8.397837667157942 -3.9166634996423557 1.0
8.46949677074992 -4.232967059889088 1.0
8.6203988079079 -4.580771543047986 1.0
8.743011112497303 -4.911233843700828 1.0
8.90413532987566 -5.256111064552465 1.0
9.296689506172095 -5.330758167036279 1.0
9.687905930494216 -5.606001310447291 1.0
9.936178284786532 -5.9892788637620695 1.0
9.841453703028328 -6.250588252886737 1.0
9.604372522989905 -6.478661026881044 1.0
9.537991596927588 -6.657825408330186 1.0
9.306229480682804 -6.9170113795717185 1.0
8.941957074651958 -7.126753553926302 1.0
8.783392897710064 -7.3281894119416 1.0
8.76549788464538 -7.709411959103949 1.0
8.397064926057249 -7.963984735603149 1.0
8.022752125054415 -8.170472362687867 1.0
7.888849903370149 -8.354880695369587 1.0
7.727661915566301 -8.718477147155033 1.0
7.3388141216615965 -8.760504800199948 1.0
7.2763659976627215 -8.884384388065975 1.0
7.000796783781684 -9.095578553164675 1.0
6.873777267175725 -9.196974937465951 1.0
6.550347412660715 -9.356422312581458 1.0
6.430919382471915 -9.635560541324525 1.0
6.275367047572581 -9.691845301819356 1.0
6.0257827764269045 -9.853347054660603 1.0
5.720951499403748 -9.975556629616415 1.0
5.460865910221423 -9.915246944918072 1.0
5.4430745863149665 -9.529930130919983 1.0
5.2401914327121615 -9.498038220487361 1.0
5.005607600584189 -9.45055778289187 1.0
5.00242988926738 -9.405007104420847 1.0
4.946748557020203 -9.304911747952325 1.0
4.6598249341026055 -9.059379069704791 1.0
4.319230469069761 -8.679660488312868 1.0
3.9798944967498335 -8.476461692776782 1.0
